0.649998 19.0581 -98.2796
0.700965 19.0581 -98.2796
0.75 19.0581 -98.2796
0.799998 19.0581 -98.2796
0.849999 19.0581 -98.2796
0.899998 19.0581 -98.2796
0.949998 19.0581 -98.2796
1.00001 19.0581 -98.2796
1.05 19.0581 -98.2796
1.1 19.0581 -98.2796
1.15 19.0581 -98.2796
1.20092 19.0581 -98.2796
1.25 19.0581 -98.2796
1.3 19.0581 -98.2796
1.35001 19.0581 -98.2796
1.4 19.0581 -98.2796
1.45 19.0581 -98.2796
1.5 19.0581 -98.2796
1.55 19.058 -98.2796
1.6 19.058 -98.2796
1.65 19.058 -98.2796
1.70092 19.058 -98.2796
1.75 19.058 -98.2796
1.80008 19.058 -98.2796
1.85 19.058 -98.2796
1.90006 19.058 -98.2796
1.95 19.058 -98.2795
2.00007 19.058 -98.2795
2.05 19.058 -98.2795
2.10006 19.058 -98.2795
2.15 19.058 -98.2795
2.20093 19.058 -98.2795
2.25 19.058 -98.2795
2.30072 19.058 -98.2795
2.35 19.058 -98.2795
2.40069 19.058 -98.2795
2.45 19.0579 -98.2795
2.50069 19.0579 -98.2795
2.55 19.0579 -98.2795
2.60125 19.0579 -98.2795
2.65 19.0579 -98.2795
2.69875 19.0579 -98.2795
2.75 19.0579 -98.2795
2.80067 19.0579 -98.2795
2.85 19.0579 -98.2795
2.90067 19.0579 -98.2795
2.95 19.0579 -98.2795
3.00072 19.0579 -98.2795
3.05 19.0579 -98.2795
3.10072 19.0579 -98.2795
3.15008 19.0579 -98.2795
3.20094 19.0579 -98.2795
3.25 19.0579 -98.2795
3.30123 19.0579 -98.2795
3.35 19.0579 -98.2795
3.40125 19.0578 -98.2795
3.45007 19.0578 -98.2795
3.50119 19.0578 -98.2795
3.55006 19.0578 -98.2795
3.6012 19.0578 -98.2795
3.65007 19.0578 -98.2795
3.7009 19.0578 -98.2795
3.75174 19.0578 -98.2795
3.80122 19.0578 -98.2795
3.85006 19.0578 -98.2795
3.90065 19.0578 -98.2795
3.95005 19.0578 -98.2795
4.00125 19.0578 -98.2795
4.05067 19.0578 -98.2795
4.10121 19.0578 -98.2795
4.15063 19.0578 -98.2795
4.20152 19.0578 -98.2795
4.25061 19.0577 -98.2795
4.30121 19.0577 -98.2795
4.35063 19.0577 -98.2795
4.40115 19.0577 -98.2795
4.45061 19.0577 -98.2795
4.50114 19.0577 -98.2795
4.55059 19.0577 -98.2795
4.60123 19.0577 -98.2795
4.65068 19.0577 -98.2795
4.70154 19.0577 -98.2795
4.7524 19.0577 -98.2795
4.80062 19.0577 -98.2795
4.85062 19.0577 -98.2795
4.9012 19.0577 -98.2795
4.95063 19.0577 -98.2795
5.00115 19.0577 -98.2795
5.0506 19.0577 -98.2795
5.10112 19.0576 -98.2795
5.15058 19.0576 -98.2795
5.20154 19.0576 -98.2795
5.25068 19.0576 -98.2795
5.3011 19.0576 -98.2795
5.35058 19.0576 -98.2795
5.40109 19.0576 -98.2795
5.45056 19.0576 -98.2795
5.5012 19.0576 -98.2795
5.55055 19.0576 -98.2795
5.60117 19.0576 -98.2795
5.65057 19.0576 -98.2795
5.7009 19.0576 -98.2795
5.75057 19.0576 -98.2795
5.80024 19.0576 -98.2795
5.8506 19.0576 -98.2795
5.90111 19.0576 -98.2795
5.95054 19.0575 -98.2795
6.00107 19.0575 -98.2795
6.05052 19.0575 -98.2795
6.10109 19.0575 -98.2795
6.15051 19.0575 -98.2795
6.20144 19.0575 -98.2795
6.25052 19.0575 -98.2795
6.30104 19.0575 -98.2795
6.35053 19.0575 -98.2795
6.40112 19.0575 -98.2795
6.45051 19.0575 -98.2795
6.5011 19.0575 -98.2795
6.55053 19.0575 -98.2795
6.60054 19.0575 -98.2794
6.65051 19.0575 -98.2794
6.70159 19.0575 -98.2794
6.75054 19.0574 -98.2794
6.80106 19.0574 -98.2794
6.85158 19.0574 -98.2794
6.901 19.0574 -98.2794
6.95049 19.0574 -98.2794
7.00108 19.0574 -98.2794
7.05049 19.0574 -98.2794
7.10102 19.0574 -98.2794
7.15046 19.0574 -98.2794
7.20147 19.0574 -98.2794
7.25046 19.0574 -98.2794
7.3011 19.0574 -98.2794
7.35052 19.0574 -98.2794
7.40105 19.0574 -98.2794
7.4505 19.0574 -98.2794
7.50102 19.0574 -98.2794
7.55046 19.0573 -98.2794
7.60109 19.0573 -98.2794
7.65047 19.0573 -98.2794
7.70141 19.0573 -98.2794
7.75044 19.0573 -98.2794
7.80096 19.0573 -98.2794
7.85044 19.0573 -98.2794
7.89993 19.0573 -98.2794
7.95045 19.0573 -98.2794
8.00096 19.0573 -98.2794
8.05041 19.0573 -98.2794
8.10097 19.0573 -98.2794
8.15041 19.0573 -98.2794
8.2015 19.0573 -98.2794
8.25043 19.0573 -98.2794
8.301 19.0573 -98.2794
8.35044 19.0572 -98.2794
8.40099 19.0572 -98.2794
8.45043 19.0572 -98.2794
8.50105 19.0572 -98.2794
8.55043 19.0572 -98.2794
8.60094 19.0572 -98.2794
8.65038 19.0572 -98.2794
8.70134 19.0572 -98.2794
8.75038 19.0572 -98.2794
8.80097 19.0572 -98.2794
8.85041 19.0572 -98.2794
8.90089 19.0572 -98.2794
8.95137 19.0572 -98.2794
9.0009 19.0572 -98.2794
9.05036 19.0572 -98.2794
9.10103 19.0571 -98.2794
9.15042 19.0571 -98.2794
9.20139 19.0571 -98.2794
9.25038 19.0571 -98.2794
9.30093 19.0571 -98.2794
9.35038 19.0571 -98.2794
9.40098 19.0571 -98.2794
9.45039 19.0571 -98.2794
9.50087 19.0571 -98.2794
9.55034 19.0571 -98.2794
9.60088 19.0571 -98.2794
9.65032 19.0571 -98.2794
9.70136 19.0571 -98.2794
9.75035 19.0571 -98.2794
9.80085 19.057 -98.2794
9.85033 19.057 -98.2794
9.90087 19.057 -98.2794
9.95033 19.057 -98.2794
9.99978 19.057 -98.2794
10.0504 19.057 -98.2794
10.1009 19.057 -98.2794
10.1503 19.057 -98.2794
10.2013 19.057 -98.2794
10.2503 19.057 -98.2794
10.3009 19.057 -98.2794
10.3503 19.057 -98.2794
10.4008 19.057 -98.2794
10.4503 19.057 -98.2794
10.5008 19.057 -98.2794
10.5503 19.0569 -98.2794
10.6009 19.0569 -98.2794
10.6503 19.0569 -98.2794
10.7013 19.0569 -98.2794
10.7503 19.0569 -98.2794
10.8008 19.0569 -98.2794
10.8503 19.0569 -98.2794
10.9009 19.0569 -98.2794
10.9503 19.0569 -98.2794
11.0009 19.0569 -98.2794
11.0514 19.0569 -98.2794
11.1009 19.0569 -98.2794
11.1503 19.0569 -98.2794
11.2013 19.0569 -98.2794
11.2503 19.0568 -98.2794
11.3008 19.0568 -98.2794
11.3502 19.0568 -98.2794
11.4008 19.0568 -98.2794
11.4503 19.0568 -98.2794
11.5008 19.0568 -98.2794
11.5503 19.0568 -98.2794
11.6008 19.0568 -98.2794
11.6502 19.0568 -98.2794
11.7012 19.0568 -98.2794
11.7502 19.0568 -98.2794
11.8009 19.0568 -98.2794
11.8504 19.0568 -98.2794
11.9008 19.0568 -98.2794
11.9503 19.0567 -98.2794
12.0008 19.0567 -98.2794
12.0502 19.0567 -98.2794
12.0996 19.0567 -98.2794
12.1502 19.0567 -98.2794
12.2012 19.0567 -98.2794
12.2502 19.0567 -98.2794
12.3008 19.0567 -98.2794
12.3502 19.0567 -98.2794
12.4007 19.0567 -98.2794
12.4503 19.0567 -98.2794
12.5007 19.0567 -98.2794
12.5502 19.0567 -98.2794
12.6007 19.0566 -98.2794
12.6502 19.0566 -98.2794
12.7012 19.0566 -98.2794
12.7502 19.0566 -98.2794
12.8007 19.0566 -98.2794
12.8502 19.0566 -98.2794
12.9008 19.0566 -98.2794
12.9502 19.0566 -98.2794
13.0008 19.0566 -98.2794
13.0503 19.0566 -98.2794
13.1007 19.0566 -98.2794
13.1512 19.0566 -98.2794
13.2011 19.0566 -98.2794
13.2501 19.0566 -98.2794
13.3007 19.0565 -98.2794
13.3502 19.0565 -98.2794
13.4007 19.0565 -98.2794
13.4501 19.0565 -98.2794
13.5007 19.0565 -98.2794
13.5501 19.0565 -98.2794
13.6007 19.0565 -98.2794
13.6503 19.0565 -98.2794
13.7012 19.0565 -98.2794
13.7502 19.0565 -98.2794
13.8007 19.0565 -98.2794
13.8501 19.0565 -98.2794
13.9007 19.0565 -98.2794
13.9502 19.0564 -98.2794
14.0007 19.0564 -98.2794
14.0501 19.0564 -98.2794
14.1007 19.0564 -98.2794
14.1501 19.0564 -98.2794
14.1995 19.0564 -98.2794
14.2502 19.0564 -98.2794
14.3006 19.0564 -98.2794
14.3501 19.0564 -98.2794
14.4006 19.0564 -98.2794
14.4501 19.0564 -98.2794
14.5007 19.0564 -98.2794
14.5501 19.0563 -98.2794
14.6007 19.0563 -98.2794
14.6501 19.0563 -98.2794
14.7011 19.0563 -98.2794
14.7501 19.0563 -98.2794
14.8007 19.0563 -98.2794
14.8502 19.0563 -98.2794
14.9006 19.0563 -98.2794
14.9501 19.0563 -98.2794
15.0006 19.0563 -98.2794
15.05 19.0563 -98.2794
15.1006 19.0563 -98.2794
15.1501 19.0563 -98.2794
15.201 19.0562 -98.2794
15.2519 19.0562 -98.2794
15.3006 19.0562 -98.2794
15.35 19.0562 -98.2794
15.4006 19.0562 -98.2794
15.4501 19.0562 -98.2794
15.5007 19.0562 -98.2794
15.55 19.0562 -98.2794
15.6006 19.0562 -98.2794
15.65 19.0562 -98.2794
15.701 19.0562 -98.2794
15.75 19.0562 -98.2794
15.8005 19.0561 -98.2794
15.85 19.0561 -98.2794
15.9005 19.0561 -98.2794
15.95 19.0561 -98.2794
16.0006 19.0561 -98.2794
16.05 19.0561 -98.2794
16.1005 19.0561 -98.2794
16.15 19.0561 -98.2794
16.201 19.0561 -98.2794
16.25 19.0561 -98.2794
16.299 19.0561 -98.2794
16.3501 19.0561 -98.2794
16.4006 19.0561 -98.2794
16.45 19.056 -98.2794
16.5005 19.056 -98.2794
16.55 19.056 -98.2794
16.6006 19.056 -98.2794
16.65 19.056 -98.2794
16.7009 19.056 -98.2794
16.75 19.056 -98.2794
16.8005 19.056 -98.2793
16.85 19.056 -98.2793
16.9005 19.056 -98.2793
16.95 19.056 -98.2793
17.0005 19.056 -98.2793
17.05 19.0559 -98.2793
17.1005 19.0559 -98.2793
17.15 19.0559 -98.2793
17.2011 19.0559 -98.2793
17.25 19.0559 -98.2793
17.3006 19.0559 -98.2793
17.3511 19.0559 -98.2793
17.4005 19.0559 -98.2793
17.45 19.0559 -98.2793
17.5005 19.0559 -98.2793
17.55 19.0559 -98.2793
17.6005 19.0559 -98.2793
17.65 19.0559 -98.2793
17.7009 19.0558 -98.2793
17.75 19.0558 -98.2793
17.8004 19.0558 -98.2793
17.85 19.0558 -98.2793
17.9004 19.0558 -98.2793
17.95 19.0558 -98.2793
18.0005 19.0558 -98.2793
18.05 19.0558 -98.2793
18.1005 19.0558 -98.2793
18.15 19.0558 -98.2793
18.2009 19.0558 -98.2793
18.25 19.0558 -98.2793
18.3004 19.0557 -98.2793
18.3509 19.0557 -98.2793
18.4005 19.0557 -98.2793
18.45 19.0557 -98.2793
18.5004 19.0557 -98.2793
18.55 19.0557 -98.2793
18.6004 19.0557 -98.2793
18.65 19.0557 -98.2793
18.7008 19.0557 -98.2793
18.75 19.0557 -98.2793
18.8004 19.0557 -98.2793
18.85 19.0557 -98.2793
18.9004 19.0557 -98.2793
18.95 19.0556 -98.2793
19.0004 19.0556 -98.2793
19.05 19.0556 -98.2793
19.1004 19.0556 -98.2793
19.15 19.0556 -98.2793
19.2009 19.0556 -98.2793
19.25 19.0556 -98.2793
19.3004 19.0556 -98.2793
19.3508 19.0556 -98.2793
19.4003 19.0556 -98.2793
19.45 19.0556 -98.2793
19.5004 19.0556 -98.2793
19.55 19.0556 -98.2793
19.6004 19.0555 -98.2793
19.65 19.0555 -98.2793
19.7008 19.0555 -98.2793
19.75 19.0555 -98.2793
19.8004 19.0555 -98.2793
19.85 19.0555 -98.2793
19.9004 19.0555 -98.2793
19.95 19.0555 -98.2793
20.0004 19.0555 -98.2793
20.05 19.0555 -98.2793
20.1004 19.0555 -98.2793
20.15 19.0555 -98.2793
20.2007 19.0555 -98.2793
20.25 19.0554 -98.2793
20.3003 19.0554 -98.2793
20.3506 19.0554 -98.2793
20.4003 19.0554 -98.2793
20.45 19.0554 -98.2793
20.5003 19.0554 -98.2793
20.55 19.0554 -98.2793
20.6003 19.0554 -98.2793
20.65 19.0554 -98.2793
20.7008 19.0554 -98.2793
20.75 19.0554 -98.2793
20.8003 19.0554 -98.2793
20.85 19.0554 -98.2793
20.9003 19.0553 -98.2793
20.95 19.0553 -98.2793
21.0004 19.0553 -98.2793
21.05 19.0553 -98.2793
21.1003 19.0553 -98.2793
21.15 19.0553 -98.2793
21.2007 19.0553 -98.2793
21.25 19.0553 -98.2793
21.3003 19.0553 -98.2793
21.3506 19.0553 -98.2793
21.4003 19.0553 -98.2793
21.4501 19.0553 -98.2793
21.5003 19.0553 -98.2793
21.5501 19.0553 -98.2793
21.6003 19.0552 -98.2793
21.6501 19.0552 -98.2793
21.7007 19.0552 -98.2793
21.7501 19.0552 -98.2793
21.8003 19.0552 -98.2793
21.8501 19.0552 -98.2793
21.9003 19.0552 -98.2793
21.9506 19.0552 -98.2793
22.0003 19.0552 -98.2793
22.0506 19.0552 -98.2793
22.1002 19.0552 -98.2793
22.1506 19.0552 -98.2793
22.2007 19.0552 -98.2793
22.2506 19.0551 -98.2793
22.3002 19.0551 -98.2793
22.3498 19.0551 -98.2793
22.4002 19.0551 -98.2793
22.4506 19.0551 -98.2793
22.5003 19.0551 -98.2793
22.5506 19.0551 -98.2793
22.6003 19.0551 -98.2793
22.6506 19.0551 -98.2793
22.7007 19.0551 -98.2793
22.7506 19.0551 -98.2793
22.8003 19.0551 -98.2793
22.8506 19.0551 -98.2793
22.9002 19.0551 -98.2793
22.9506 19.055 -98.2793
23.0002 19.055 -98.2793
23.0506 19.055 -98.2793
23.1002 19.055 -98.2793
23.1506 19.055 -98.2793
23.2006 19.055 -98.2793
23.2506 19.055 -98.2793
23.3002 19.055 -98.2793
23.3506 19.055 -98.2793
23.401 19.055 -98.2793
23.4506 19.055 -98.2792
23.5002 19.055 -98.2792
23.5506 19.055 -98.2792
23.6002 19.055 -98.2792
23.6506 19.0549 -98.2792
23.7007 19.0549 -98.2792
23.7506 19.0549 -98.2792
23.8001 19.0549 -98.2792
23.8505 19.0549 -98.2792
23.9001 19.0549 -98.2792
23.9505 19.0549 -98.2792
24.0002 19.0549 -98.2792
24.0505 19.0549 -98.2792
24.1001 19.0549 -98.2792
24.1506 19.0549 -98.2792
24.2005 19.0549 -98.2792
24.2506 19.0549 -98.2792
24.3002 19.0548 -98.2792
24.3505 19.0548 -98.2792
24.4002 19.0548 -98.2792
24.4498 19.0548 -98.2792
24.5002 19.0548 -98.2792
24.5505 19.0548 -98.2792
24.6002 19.0548 -98.2792
24.6505 19.0548 -98.2792
24.7005 19.0548 -98.2792
24.7505 19.0548 -98.2792
24.8001 19.0548 -98.2792
24.8505 19.0548 -98.2792
24.9001 19.0548 -98.2792
24.9505 19.0548 -98.2792
25.0001 19.0547 -98.2792
25.0505 19.0547 -98.2792
25.1001 19.0547 -98.2792
25.1505 19.0547 -98.2792
25.2007 19.0547 -98.2792
25.2505 19.0547 -98.2792
25.3001 19.0547 -98.2792
25.3505 19.0547 -98.2792
25.4001 19.0547 -98.2792
25.4504 19.0547 -98.2792
25.5008 19.0547 -98.2792
25.5505 19.0547 -98.2792
25.6001 19.0547 -98.2792
25.6505 19.0547 -98.2792
25.7005 19.0546 -98.2792
25.7504 19.0546 -98.2792
25.8001 19.0546 -98.2792
25.8504 19.0546 -98.2792
25.9 19.0546 -98.2792
25.9504 19.0546 -98.2792
26 19.0546 -98.2792
26.0504 19.0546 -98.2792
26.1001 19.0546 -98.2792
26.1504 19.0546 -98.2792
26.2005 19.0546 -98.2792
26.2504 19.0546 -98.2792
26.3001 19.0546 -98.2792
26.3504 19.0546 -98.2792
26.4001 19.0545 -98.2792
26.4504 19.0545 -98.2792
26.5 19.0545 -98.2792
26.5496 19.0545 -98.2792
26.6 19.0545 -98.2792
26.6504 19.0545 -98.2792
26.7005 19.0545 -98.2792
26.7504 19.0545 -98.2792
26.8 19.0545 -98.2792
26.8504 19.0545 -98.2792
26.9 19.0545 -98.2792
26.9504 19.0545 -98.2792
27.0001 19.0545 -98.2792
27.0504 19.0545 -98.2792
27.1001 19.0544 -98.2792
27.1504 19.0544 -98.2792
27.2005 19.0544 -98.2792
27.2504 19.0544 -98.2792
27.3001 19.0544 -98.2792
27.3504 19.0544 -98.2792
27.4 19.0544 -98.2792
27.4503 19.0544 -98.2792
27.5 19.0544 -98.2792
27.5503 19.0544 -98.2792
27.6007 19.0544 -98.2792
27.6503 19.0544 -98.2792
27.7004 19.0544 -98.2792
27.7504 19.0543 -98.2791
27.8 19.0543 -98.2791
27.8504 19.0543 -98.2791
27.9 19.0543 -98.2791
27.9503 19.0543 -98.2791
28 19.0543 -98.2791
28.0503 19.0543 -98.2791
28.1 19.0543 -98.2791
28.1503 19.0543 -98.2791
28.2005 19.0543 -98.2791
28.2503 19.0543 -98.2791
28.3 19.0543 -98.2791
28.3503 19.0543 -98.2791
28.4 19.0543 -98.2791
28.4503 19.0542 -98.2791
28.5 19.0542 -98.2791
28.5503 19.0542 -98.2791
28.6 19.0542 -98.2791
28.6497 19.0542 -98.2791
28.7003 19.0542 -98.2791
28.7503 19.0542 -98.2791
28.8 19.0542 -98.2791
28.8503 19.0542 -98.2791
28.9 19.0542 -98.2791
28.9503 19.0542 -98.2791
29 19.0542 -98.2791
29.0502 19.0542 -98.2791
29.1 19.0541 -98.2791
29.1503 19.0541 -98.2791
29.2003 19.0541 -98.2791
29.2503 19.0541 -98.2791
29.3 19.0541 -98.2791
29.3502 19.0541 -98.2791
29.4 19.0541 -98.2791
29.4503 19.0541 -98.2791
29.5 19.0541 -98.2791
29.5503 19.0541 -98.2791
29.6 19.0541 -98.2791
29.6503 19.0541 -98.2791
29.7005 19.0541 -98.2791
29.7503 19.0541 -98.2791
29.8 19.054 -98.2791
29.8502 19.054 -98.2791
29.9 19.054 -98.2791
29.9502 19.054 -98.2791
30 19.054 -98.2791
30.0502 19.054 -98.2791
30.1 19.054 -98.2791
30.1502 19.054 -98.2791
30.2003 19.054 -98.2791
30.2502 19.054 -98.2791
30.3 19.054 -98.2791
30.3502 19.054 -98.2791
30.4 19.054 -98.2791
30.4502 19.0539 -98.2791
30.5 19.0539 -98.2791
30.5502 19.0539 -98.2791
30.6 19.0539 -98.2791
30.6502 19.0539 -98.2791
30.7003 19.0539 -98.2791
30.7504 19.0539 -98.2791
30.8 19.0539 -98.2791
30.8502 19.0539 -98.2791
30.9 19.0539 -98.2791
30.9501 19.0539 -98.2791
31 19.0539 -98.2791
31.0501 19.0539 -98.2791
31.1 19.0539 -98.2791
31.1502 19.0538 -98.2791
31.2003 19.0538 -98.279
31.2502 19.0538 -98.279
31.3 19.0538 -98.279
31.3502 19.0538 -98.279
31.4 19.0538 -98.279
31.4502 19.0538 -98.279
31.5 19.0538 -98.279
31.5501 19.0538 -98.279
31.6 19.0538 -98.279
31.6502 19.0538 -98.279
31.7003 19.0538 -98.279
31.7501 19.0538 -98.279
31.8 19.0537 -98.279
31.8501 19.0537 -98.279
31.9 19.0537 -98.279
31.9501 19.0537 -98.279
32 19.0537 -98.279
32.0501 19.0537 -98.279
32.1 19.0537 -98.279
32.1501 19.0537 -98.279
32.2003 19.0537 -98.279
32.2501 19.0537 -98.279
32.3 19.0537 -98.279
32.3501 19.0537 -98.279
32.4 19.0537 -98.279
32.4501 19.0536 -98.279
32.5 19.0536 -98.279
32.5501 19.0536 -98.279
32.6 19.0536 -98.279
32.6501 19.0536 -98.279
32.7003 19.0536 -98.279
32.7501 19.0536 -98.279
32.7998 19.0536 -98.279
32.8501 19.0536 -98.279
32.9 19.0536 -98.279
32.9501 19.0536 -98.279
33 19.0536 -98.279
33.0501 19.0536 -98.279
33.1 19.0536 -98.279
33.1501 19.0535 -98.279
33.2003 19.0535 -98.279
33.2501 19.0535 -98.279
33.3 19.0535 -98.279
33.3501 19.0535 -98.279
33.4 19.0535 -98.279
33.45 19.0535 -98.279
33.5 19.0535 -98.279
33.55 19.0535 -98.279
33.6 19.0535 -98.279
33.65 19.0535 -98.279
33.7003 19.0535 -98.279
33.75 19.0535 -98.279
33.8 19.0534 -98.279
33.85 19.0534 -98.279
33.9 19.0534 -98.279
33.95 19.0534 -98.279
34 19.0534 -98.279
34.05 19.0534 -98.279
34.1 19.0534 -98.279
34.15 19.0534 -98.279
34.2003 19.0534 -98.279
34.25 19.0534 -98.279
34.3 19.0534 -98.279
34.35 19.0534 -98.279
34.4 19.0534 -98.279
34.45 19.0533 -98.279
34.5 19.0533 -98.279
34.55 19.0533 -98.279
34.6 19.0533 -98.279
34.65 19.0533 -98.279
34.7003 19.0533 -98.2789
34.75 19.0533 -98.2789
34.8 19.0533 -98.2789
34.85 19.0533 -98.2789
34.9001 19.0533 -98.2789
34.95 19.0533 -98.2789
35 19.0533 -98.2789
35.05 19.0533 -98.2789
35.1 19.0533 -98.2789
35.15 19.0532 -98.2789
35.2003 19.0532 -98.2789
35.25 19.0532 -98.2789
35.3 19.0532 -98.2789
35.35 19.0532 -98.2789
35.4 19.0532 -98.2789
35.45 19.0532 -98.2789
35.5 19.0532 -98.2789
35.55 19.0532 -98.2789
35.6 19.0532 -98.2789
35.65 19.0532 -98.2789
35.701 19.0532 -98.2789
35.75 19.0532 -98.2789
35.8 19.0531 -98.2789
35.85 19.0531 -98.2789
35.9 19.0531 -98.2789
35.95 19.0531 -98.2789
36 19.0531 -98.2789
36.05 19.0531 -98.2789
36.1 19.0531 -98.2789
36.15 19.0531 -98.2789
36.2009 19.0531 -98.2789
36.25 19.0531 -98.2789
36.3 19.0531 -98.2789
36.35 19.0531 -98.2789
36.4 19.0531 -98.2789
36.45 19.053 -98.2789
36.5 19.053 -98.2789
36.55 19.053 -98.2789
36.6 19.053 -98.2789
36.65 19.053 -98.2789
36.7009 19.053 -98.2789
36.75 19.053 -98.2789
36.8 19.053 -98.2789
36.85 19.053 -98.2789
36.9 19.053 -98.2789
36.95 19.053 -98.2789
37 19.053 -98.2789
37.05 19.053 -98.2789
37.1 19.0529 -98.2789
37.15 19.0529 -98.2789
37.201 19.0529 -98.2789
37.25 19.0529 -98.2789
37.3 19.0529 -98.2789
37.35 19.0529 -98.2789
37.4 19.0529 -98.2789
37.45 19.0529 -98.2789
37.5 19.0529 -98.2789
37.55 19.0529 -98.2789
37.6 19.0529 -98.2789
37.65 19.0529 -98.2789
37.7009 19.0529 -98.2789
37.75 19.0529 -98.2789
37.8 19.0528 -98.2789
37.85 19.0528 -98.2789
37.9 19.0528 -98.2789
37.95 19.0528 -98.2789
38 19.0528 -98.2789
38.05 19.0528 -98.2789
38.1 19.0528 -98.2789
38.15 19.0528 -98.2789
38.2003 19.0528 -98.2789
38.25 19.0528 -98.2789
38.3 19.0528 -98.2789
38.35 19.0528 -98.2789
38.4 19.0528 -98.2789
38.45 19.0527 -98.2789
38.5 19.0527 -98.2789
38.55 19.0527 -98.2789
38.6 19.0527 -98.2788
38.65 19.0527 -98.2788
38.7009 19.0527 -98.2788
38.75 19.0527 -98.2788
38.8 19.0527 -98.2788
38.85 19.0527 -98.2788
38.9 19.0527 -98.2788
38.95 19.0527 -98.2788
39 19.0527 -98.2788
39.0501 19.0527 -98.2788
39.1 19.0526 -98.2788
39.15 19.0526 -98.2788
39.2009 19.0526 -98.2788
39.2501 19.0526 -98.2788
39.3 19.0526 -98.2788
39.3501 19.0526 -98.2788
39.4 19.0526 -98.2788
39.4501 19.0526 -98.2788
39.5 19.0526 -98.2788
39.5501 19.0526 -98.2788
39.6 19.0526 -98.2788
39.6501 19.0526 -98.2788
39.7009 19.0526 -98.2788
39.7507 19.0525 -98.2788
39.8 19.0525 -98.2788
39.8507 19.0525 -98.2788
39.9 19.0525 -98.2788
39.9507 19.0525 -98.2788
40 19.0525 -98.2788
40.0493 19.0525 -98.2788
40.1001 19.0525 -98.2788
40.1507 19.0525 -98.2788
40.2009 19.0525 -98.2788
40.2507 19.0525 -98.2788
40.3 19.0525 -98.2788
40.3507 19.0525 -98.2788
40.4 19.0524 -98.2788
40.4507 19.0524 -98.2788
40.5 19.0524 -98.2788
40.5507 19.0524 -98.2788
40.6 19.0524 -98.2788
40.6507 19.0524 -98.2788
40.7011 19.0524 -98.2788
40.7513 19.0524 -98.2788
40.8001 19.0524 -98.2788
40.8512 19.0524 -98.2788
40.9001 19.0524 -98.2788
40.9512 19.0524 -98.2788
41.0001 19.0524 -98.2788
41.0489 19.0523 -98.2788
41.1001 19.0523 -98.2788
41.1512 19.0523 -98.2788
41.2009 19.0523 -98.2788
41.2512 19.0523 -98.2788
41.3001 19.0523 -98.2788
41.3512 19.0523 -98.2788
41.4001 19.0523 -98.2788
41.4512 19.0523 -98.2788
41.5006 19.0523 -98.2788
41.5512 19.0523 -98.2788
41.6007 19.0523 -98.2788
41.6507 19.0523 -98.2788
41.701 19.0522 -98.2788
41.7512 19.0522 -98.2788
41.8007 19.0522 -98.2788
41.8512 19.0522 -98.2788
41.9006 19.0522 -98.2788
41.9512 19.0522 -98.2788
42.0006 19.0522 -98.2788
42.05 19.0522 -98.2788
42.1006 19.0522 -98.2788
42.1511 19.0522 -98.2787
42.201 19.0522 -98.2787
42.2512 19.0522 -98.2787
42.3006 19.0522 -98.2787
42.3512 19.0522 -98.2787
42.4006 19.0521 -98.2787
42.4512 19.0521 -98.2787
42.5006 19.0521 -98.2787
42.5506 19.0521 -98.2787
42.6006 19.0521 -98.2787
42.6512 19.0521 -98.2787
42.7011 19.0521 -98.2787
42.7511 19.0521 -98.2787
42.8006 19.0521 -98.2787
42.8512 19.0521 -98.2787
42.9006 19.0521 -98.2787
42.9511 19.0521 -98.2787
43.0006 19.0521 -98.2787
43.0511 19.052 -98.2787
43.1017 19.052 -98.2787
43.1511 19.052 -98.2787
43.2016 19.052 -98.2787
43.2511 19.052 -98.2787
43.3006 19.052 -98.2787
43.3511 19.052 -98.2787
43.4006 19.052 -98.2787
43.4506 19.052 -98.2787
43.5005 19.052 -98.2787
43.5511 19.052 -98.2787
43.6005 19.052 -98.2787
43.6511 19.052 -98.2787
43.7016 19.0519 -98.2787
43.7511 19.0519 -98.2787
43.8005 19.0519 -98.2787
43.851 19.0519 -98.2787
43.9005 19.0519 -98.2787
43.951 19.0519 -98.2787
44.0005 19.0519 -98.2787
44.0511 19.0519 -98.2787
44.1005 19.0519 -98.2787
44.1499 19.0519 -98.2787
44.201 19.0519 -98.2787
44.2511 19.0519 -98.2787
44.3005 19.0519 -98.2787
44.3505 19.0518 -98.2787
44.4005 19.0518 -98.2787
44.4511 19.0518 -98.2787
44.5005 19.0518 -98.2787
44.5511 19.0518 -98.2787
44.6005 19.0518 -98.2787
44.6511 19.0518 -98.2787
44.7015 19.0518 -98.2787
44.751 19.0518 -98.2787
44.8005 19.0518 -98.2787
44.851 19.0518 -98.2787
44.9005 19.0518 -98.2787
44.951 19.0518 -98.2787
45.0005 19.0517 -98.2787
45.051 19.0517 -98.2787
45.1004 19.0517 -98.2787
45.151 19.0517 -98.2787
45.2017 19.0517 -98.2787
45.2511 19.0517 -98.2787
45.3005 19.0517 -98.2787
45.351 19.0517 -98.2787
45.4005 19.0517 -98.2787
45.451 19.0517 -98.2787
45.5004 19.0517 -98.2787
45.551 19.0517 -98.2787
45.6004 19.0517 -98.2787
45.6509 19.0517 -98.2787
45.7014 19.0516 -98.2787
45.7509 19.0516 -98.2787
45.8004 19.0516 -98.2786
45.851 19.0516 -98.2786
45.9004 19.0516 -98.2786
45.9509 19.0516 -98.2786
46.0004 19.0516 -98.2786
46.051 19.0516 -98.2786
46.1004 19.0516 -98.2786
46.151 19.0516 -98.2786
46.2009 19.0516 -98.2786
46.2508 19.0516 -98.2786
46.3004 19.0516 -98.2786
46.3509 19.0515 -98.2786
46.4004 19.0515 -98.2786
46.451 19.0515 -98.2786
46.5004 19.0515 -98.2786
46.5509 19.0515 -98.2786
46.6004 19.0515 -98.2786
46.6509 19.0515 -98.2786
46.7015 19.0515 -98.2786
46.7509 19.0515 -98.2786
46.8004 19.0515 -98.2786
46.8509 19.0515 -98.2786
46.9004 19.0515 -98.2786
46.9509 19.0515 -98.2786
47.0004 19.0514 -98.2786
47.051 19.0514 -98.2786
47.1004 19.0514 -98.2786
47.1509 19.0514 -98.2786
47.2008 19.0514 -98.2786
47.2509 19.0514 -98.2786
47.301 19.0514 -98.2786
47.3509 19.0514 -98.2786
47.4003 19.0514 -98.2786
47.4508 19.0514 -98.2786
47.5003 19.0514 -98.2786
47.5508 19.0514 -98.2786
47.6003 19.0514 -98.2786
47.6509 19.0514 -98.2786
47.7013 19.0513 -98.2786
47.7508 19.0513 -98.2786
47.8003 19.0513 -98.2786
47.8509 19.0513 -98.2786
47.9003 19.0513 -98.2786
47.9509 19.0513 -98.2786
48.0003 19.0513 -98.2786
48.0509 19.0513 -98.2786
48.1003 19.0513 -98.2786
48.1509 19.0513 -98.2786
48.2008 19.0513 -98.2786
48.2509 19.0513 -98.2786
48.3003 19.0513 -98.2786
48.3497 19.0512 -98.2786
48.4003 19.0512 -98.2786
48.4508 19.0512 -98.2786
48.5003 19.0512 -98.2786
48.5508 19.0512 -98.2786
48.6003 19.0512 -98.2786
48.6508 19.0512 -98.2786
48.7014 19.0512 -98.2786
48.7508 19.0512 -98.2786
48.8003 19.0512 -98.2786
48.8509 19.0512 -98.2786
48.9003 19.0512 -98.2786
48.9508 19.0512 -98.2786
49.0003 19.0511 -98.2786
49.0508 19.0511 -98.2786
49.1002 19.0511 -98.2786
49.1509 19.0511 -98.2786
49.2013 19.0511 -98.2786
49.2508 19.0511 -98.2786
49.3002 19.0511 -98.2786
49.3508 19.0511 -98.2786
49.4013 19.0511 -98.2786
49.4508 19.0511 -98.2786
49.5002 19.0511 -98.2786
49.5508 19.0511 -98.2786
49.6002 19.0511 -98.2786
49.6507 19.051 -98.2786
49.7013 19.051 -98.2786
49.7508 19.051 -98.2786
49.8002 19.051 -98.2786
49.8507 19.051 -98.2786
49.9003 19.051 -98.2786
49.9508 19.051 -98.2786
50.0002 19.051 -98.2785
50.0508 19.051 -98.2785
50.1002 19.051 -98.2785
50.1508 19.051 -98.2785
50.2012 19.051 -98.2785
50.2507 19.051 -98.2785
50.3002 19.051 -98.2785
50.3507 19.0509 -98.2785
50.4002 19.0509 -98.2785
50.4496 19.0509 -98.2785
50.5002 19.0509 -98.2785
50.5507 19.0509 -98.2785
50.6001 19.0509 -98.2785
50.6507 19.0509 -98.2785
50.7007 19.0509 -98.2785
50.7507 19.0509 -98.2785
50.8002 19.0509 -98.2785
50.8507 19.0509 -98.2785
50.9002 19.0509 -98.2785
50.9508 19.0509 -98.2785
51.0002 19.0508 -98.2785
51.0507 19.0508 -98.2785
51.1002 19.0508 -98.2785
51.1507 19.0508 -98.2785
51.2012 19.0508 -98.2785
51.2507 19.0508 -98.2785
51.3001 19.0508 -98.2785
51.3506 19.0508 -98.2785
51.4001 19.0508 -98.2785
51.4506 19.0508 -98.2785
51.5012 19.0508 -98.2785
51.5507 19.0508 -98.2785
51.6001 19.0508 -98.2785
51.6507 19.0507 -98.2785
51.7006 19.0507 -98.2785
51.7507 19.0507 -98.2785
51.8001 19.0507 -98.2785
51.8507 19.0507 -98.2785
51.9001 19.0507 -98.2785
51.9507 19.0507 -98.2785
52.0001 19.0507 -98.2785
52.0507 19.0507 -98.2785
52.1001 19.0507 -98.2785
52.1506 19.0507 -98.2785
52.2011 19.0507 -98.2785
52.2506 19.0507 -98.2785
52.3001 19.0506 -98.2785
52.3506 19.0506 -98.2785
52.4001 19.0506 -98.2785
52.4507 19.0506 -98.2785
52.5 19.0506 -98.2785
52.5494 19.0506 -98.2785
52.6001 19.0506 -98.2785
52.6507 19.0506 -98.2785
52.7011 19.0506 -98.2785
52.7506 19.0506 -98.2785
52.8001 19.0506 -98.2785
52.8506 19.0506 -98.2785
52.9001 19.0506 -98.2785
52.9506 19.0506 -98.2785
53 19.0505 -98.2785
53.0506 19.0505 -98.2785
53.1 19.0505 -98.2785
53.1505 19.0505 -98.2785
53.2011 19.0505 -98.2785
53.2505 19.0505 -98.2785
53.3 19.0505 -98.2785
53.3506 19.0505 -98.2785
53.4 19.0505 -98.2785
53.4506 19.0505 -98.2785
53.5001 19.0505 -98.2785
53.5506 19.0505 -98.2785
53.6011 19.0505 -98.2785
53.6506 19.0504 -98.2785
53.7011 19.0504 -98.2785
53.7505 19.0504 -98.2785
53.8 19.0504 -98.2785
53.8505 19.0504 -98.2785
53.9 19.0504 -98.2785
53.9505 19.0504 -98.2785
54 19.0504 -98.2785
54.0505 19.0504 -98.2785
54.1 19.0504 -98.2785
54.1505 19.0504 -98.2785
54.2005 19.0504 -98.2785
54.2506 19.0504 -98.2785
54.3 19.0503 -98.2785
54.3506 19.0503 -98.2785
54.4 19.0503 -98.2785
54.4505 19.0503 -98.2785
54.5 19.0503 -98.2785
54.5506 19.0503 -98.2785
54.6 19.0503 -98.2785
54.6494 19.0503 -98.2785
54.7009 19.0503 -98.2785
54.7505 19.0503 -98.2785
54.8 19.0503 -98.2785
54.8505 19.0503 -98.2785
54.9 19.0503 -98.2785
54.9504 19.0502 -98.2785
55 19.0502 -98.2785
55.0505 19.0502 -98.2785
55.1 19.0502 -98.2785
55.1505 19.0502 -98.2784
55.201 19.0502 -98.2784
55.2505 19.0502 -98.2784
55.3 19.0502 -98.2784
55.3505 19.0502 -98.2784
55.4 19.0502 -98.2784
55.4505 19.0502 -98.2784
55.5 19.0502 -98.2784
55.5505 19.0502 -98.2784
55.6 19.0502 -98.2784
55.6504 19.0501 -98.2784
55.7008 19.0501 -98.2784
55.7504 19.0501 -98.2784
55.8 19.0501 -98.2784
55.8504 19.0501 -98.2784
55.9 19.0501 -98.2784
55.9505 19.0501 -98.2784
56 19.0501 -98.2784
56.0505 19.0501 -98.2784
56.1 19.0501 -98.2784
56.1504 19.0501 -98.2784
56.201 19.0501 -98.2784
56.2504 19.0501 -98.2784
56.3 19.05 -98.2784
56.3504 19.05 -98.2784
56.4 19.05 -98.2784
56.4504 19.05 -98.2784
56.5 19.05 -98.2784
56.5504 19.05 -98.2784
56.6 19.05 -98.2784
56.6504 19.05 -98.2784
56.7008 19.05 -98.2784
56.7503 19.05 -98.2784
56.8 19.05 -98.2784
56.8504 19.05 -98.2784
56.9 19.05 -98.2784
56.9504 19.0499 -98.2784
57 19.0499 -98.2784
57.0504 19.0499 -98.2784
57.1 19.0499 -98.2784
57.1504 19.0499 -98.2784
57.2009 19.0499 -98.2784
57.2504 19.0499 -98.2784
57.3 19.0499 -98.2784
57.3503 19.0499 -98.2784
57.4 19.0499 -98.2784
57.4503 19.0499 -98.2784
57.5 19.0499 -98.2784
57.5504 19.0499 -98.2784
57.6 19.0498 -98.2784
57.6503 19.0498 -98.2784
57.7007 19.0498 -98.2784
57.7504 19.0498 -98.2784
57.8 19.0498 -98.2784
57.8504 19.0498 -98.2784
57.9 19.0498 -98.2784
57.9503 19.0498 -98.2784
58 19.0498 -98.2784
58.0503 19.0498 -98.2784
58.1 19.0498 -98.2784
58.1503 19.0498 -98.2784
58.2009 19.0498 -98.2784
58.2503 19.0497 -98.2784
58.3 19.0497 -98.2784
58.3503 19.0497 -98.2784
58.4 19.0497 -98.2784
58.4503 19.0497 -98.2784
58.5 19.0497 -98.2784
58.5503 19.0497 -98.2784
58.6 19.0497 -98.2784
58.6503 19.0497 -98.2784
58.7007 19.0497 -98.2784
58.7504 19.0497 -98.2784
58.8001 19.0497 -98.2784
58.8503 19.0497 -98.2784
58.9001 19.0496 -98.2784
58.9503 19.0496 -98.2784
59.0001 19.0496 -98.2784
59.0503 19.0496 -98.2784
59.1001 19.0496 -98.2784
59.1503 19.0496 -98.2784
59.2009 19.0496 -98.2784
59.2503 19.0496 -98.2784
59.3007 19.0496 -98.2784
59.3503 19.0496 -98.2784
59.4007 19.0496 -98.2784
59.4503 19.0496 -98.2784
59.5006 19.0496 -98.2784
59.5503 19.0495 -98.2784
59.6001 19.0495 -98.2784
59.6503 19.0495 -98.2784
59.701 19.0495 -98.2784
59.7517 19.0495 -98.2784
59.8006 19.0495 -98.2784
59.8502 19.0495 -98.2784
59.9006 19.0495 -98.2784
59.9503 19.0495 -98.2784
60.0006 19.0495 -98.2784
60.0502 19.0495 -98.2784
60.1006 19.0495 -98.2784
60.1502 19.0495 -98.2784
60.2012 19.0494 -98.2784
60.2503 19.0494 -98.2784
60.3006 19.0494 -98.2784
60.3502 19.0494 -98.2784
60.4006 19.0494 -98.2784
60.4503 19.0494 -98.2784
60.5006 19.0494 -98.2784
60.5503 19.0494 -98.2784
60.6006 19.0494 -98.2784
60.6502 19.0494 -98.2784
60.7017 19.0494 -98.2784
60.7502 19.0494 -98.2783
60.7988 19.0494 -98.2783
60.8502 19.0493 -98.2783
60.9006 19.0493 -98.2783
60.9502 19.0493 -98.2783
61.0006 19.0493 -98.2783
61.0502 19.0493 -98.2783
61.1006 19.0493 -98.2783
61.1502 19.0493 -98.2783
61.2011 19.0493 -98.2783
61.2502 19.0493 -98.2783
61.3006 19.0493 -98.2783
61.3502 19.0493 -98.2783
61.4006 19.0493 -98.2783
61.4503 19.0493 -98.2783
61.5005 19.0492 -98.2783
61.5502 19.0492 -98.2783
61.6005 19.0492 -98.2783
61.6502 19.0492 -98.2783
61.701 19.0492 -98.2783
61.7502 19.0492 -98.2783
61.8005 19.0492 -98.2783
61.8509 19.0492 -98.2783
61.9005 19.0492 -98.2783
61.9501 19.0492 -98.2783
62.0005 19.0492 -98.2783
62.0502 19.0492 -98.2783
62.1005 19.0492 -98.2783
62.1501 19.0491 -98.2783
62.201 19.0491 -98.2783
62.2501 19.0491 -98.2783
62.3005 19.0491 -98.2783
62.3502 19.0491 -98.2783
62.4005 19.0491 -98.2783
62.4501 19.0491 -98.2783
62.5005 19.0491 -98.2783
62.5501 19.0491 -98.2783
62.6005 19.0491 -98.2783
62.6502 19.0491 -98.2783
62.7016 19.0491 -98.2783
62.7501 19.0491 -98.2783
62.8005 19.0491 -98.2783
62.8501 19.049 -98.2783
62.8996 19.049 -98.2783
62.9501 19.049 -98.2783
63.0005 19.049 -98.2783
63.0501 19.049 -98.2783
63.1005 19.049 -98.2783
63.1501 19.049 -98.2783
63.2009 19.049 -98.2783
63.2502 19.049 -98.2783
63.3004 19.049 -98.2783
63.3501 19.049 -98.2783
63.4004 19.049 -98.2783
63.4501 19.049 -98.2783
63.5005 19.0489 -98.2783
63.5501 19.0489 -98.2783
63.6004 19.0489 -98.2783
63.65 19.0489 -98.2783
63.7016 19.0489 -98.2783
63.75 19.0489 -98.2783
63.8004 19.0489 -98.2783
63.8501 19.0489 -98.2783
63.9004 19.0489 -98.2783
63.9508 19.0489 -98.2783
64.0004 19.0489 -98.2783
64.0501 19.0489 -98.2783
64.1005 19.0489 -98.2783
64.1501 19.0489 -98.2783
64.2016 19.0488 -98.2783
64.25 19.0488 -98.2783
64.3004 19.0488 -98.2783
64.35 19.0488 -98.2783
64.4004 19.0488 -98.2783
64.4501 19.0488 -98.2783
64.5004 19.0488 -98.2783
64.55 19.0488 -98.2783
64.6004 19.0488 -98.2783
64.65 19.0488 -98.2783
64.7009 19.0488 -98.2783
64.75 19.0488 -98.2783
64.8004 19.0488 -98.2783
64.85 19.0487 -98.2783
64.9004 19.0487 -98.2783
64.95 19.0487 -98.2783
64.9997 19.0487 -98.2783
65.0501 19.0487 -98.2783
65.1004 19.0487 -98.2783
65.15 19.0487 -98.2783
65.2015 19.0487 -98.2783
65.25 19.0487 -98.2783
65.3003 19.0487 -98.2783
65.35 19.0487 -98.2783
65.4003 19.0487 -98.2783
65.45 19.0487 -98.2783
65.5003 19.0486 -98.2783
65.55 19.0486 -98.2783
65.6004 19.0486 -98.2783
65.65 19.0486 -98.2783
65.7008 19.0486 -98.2783
65.75 19.0486 -98.2783
65.8003 19.0486 -98.2783
65.85 19.0486 -98.2783
65.9003 19.0486 -98.2783
65.9501 19.0486 -98.2783
66.0003 19.0486 -98.2783
66.0505 19.0486 -98.2783
66.1003 19.0486 -98.2783
66.15 19.0486 -98.2783
66.2008 19.0485 -98.2783
66.25 19.0485 -98.2783
66.3003 19.0485 -98.2783
66.35 19.0485 -98.2783
66.4003 19.0485 -98.2783
66.45 19.0485 -98.2783
66.5003 19.0485 -98.2782
66.55 19.0485 -98.2782
66.6003 19.0485 -98.2782
66.65 19.0485 -98.2782
66.7007 19.0485 -98.2782
66.75 19.0485 -98.2782
66.8003 19.0485 -98.2782
66.85 19.0484 -98.2782
66.9002 19.0484 -98.2782
66.95 19.0484 -98.2782
67.0003 19.0484 -98.2782
67.05 19.0484 -98.2782
67.0997 19.0484 -98.2782
67.15 19.0484 -98.2782
67.2014 19.0484 -98.2782
67.25 19.0484 -98.2782
67.3002 19.0484 -98.2782
67.35 19.0484 -98.2782
67.4002 19.0484 -98.2782
67.45 19.0484 -98.2782
67.5002 19.0484 -98.2782
67.55 19.0483 -98.2782
67.6002 19.0483 -98.2782
67.65 19.0483 -98.2782
67.7007 19.0483 -98.2782
67.75 19.0483 -98.2782
67.8002 19.0483 -98.2782
67.85 19.0483 -98.2782
67.9002 19.0483 -98.2782
67.95 19.0483 -98.2782
68.0002 19.0483 -98.2782
68.05 19.0483 -98.2782
68.1002 19.0483 -98.2782
68.1504 19.0483 -98.2782
68.2014 19.0482 -98.2782
68.25 19.0482 -98.2782
68.3002 19.0482 -98.2782
68.35 19.0482 -98.2782
68.4002 19.0482 -98.2782
68.45 19.0482 -98.2782
68.5002 19.0482 -98.2782
68.55 19.0482 -98.2782
68.6002 19.0482 -98.2782
68.65 19.0482 -98.2782
68.7013 19.0482 -98.2782
68.75 19.0482 -98.2782
68.8002 19.0482 -98.2782
68.85 19.0482 -98.2782
68.9002 19.0481 -98.2782
68.95 19.0481 -98.2782
69.0001 19.0481 -98.2782
69.05 19.0481 -98.2782
69.1001 19.0481 -98.2782
69.1503 19.0481 -98.2782
69.2006 19.0481 -98.2782
69.25 19.0481 -98.2782
69.3001 19.0481 -98.2782
69.35 19.0481 -98.2782
69.4002 19.0481 -98.2782
69.45 19.0481 -98.2782
69.5002 19.0481 -98.2782
69.55 19.0481 -98.2782
69.6002 19.048 -98.2782
69.65 19.048 -98.2782
69.7012 19.048 -98.2782
69.75 19.048 -98.2782
69.8001 19.048 -98.2782
69.85 19.048 -98.2782
69.9001 19.048 -98.2782
69.95 19.048 -98.2782
70.0001 19.048 -98.2782
70.05 19.048 -98.2782
70.1001 19.048 -98.2782
70.1502 19.048 -98.2782
70.2005 19.048 -98.2782
70.25 19.048 -98.2782
70.3001 19.0479 -98.2782
70.35 19.0479 -98.2782
70.4001 19.0479 -98.2782
70.45 19.0479 -98.2782
70.5001 19.0479 -98.2782
70.55 19.0479 -98.2782
70.6001 19.0479 -98.2782
70.65 19.0479 -98.2782
70.7012 19.0479 -98.2782
70.75 19.0479 -98.2782
70.8 19.0479 -98.2782
70.85 19.0479 -98.2782
70.9 19.0479 -98.2782
70.95 19.0479 -98.2782
71.0001 19.0479 -98.2782
71.05 19.0478 -98.2782
71.1001 19.0478 -98.2782
71.1501 19.0478 -98.2782
71.2012 19.0478 -98.2782
71.25 19.0478 -98.2782
71.3001 19.0478 -98.2782
71.35 19.0478 -98.2782
71.4 19.0478 -98.2782
71.45 19.0478 -98.2782
71.5 19.0478 -98.2782
71.55 19.0478 -98.2782
71.6 19.0478 -98.2782
71.65 19.0478 -98.2782
71.7011 19.0478 -98.2782
71.75 19.0478 -98.2782
71.8 19.0477 -98.2782
71.85 19.0477 -98.2782
71.9 19.0477 -98.2782
71.95 19.0477 -98.2782
72 19.0477 -98.2782
72.05 19.0477 -98.2782
72.1 19.0477 -98.2782
72.15 19.0477 -98.2782
72.2 19.0477 -98.2782
72.25 19.0477 -98.2782
72.3 19.0477 -98.2781
72.35 19.0477 -98.2781
72.4 19.0477 -98.2781
72.45 19.0477 -98.2781
72.5 19.0477 -98.2781
72.55 19.0476 -98.2781
72.6 19.0476 -98.2781
72.65 19.0476 -98.2781
72.7011 19.0476 -98.2781
72.75 19.0476 -98.2781
72.8001 19.0476 -98.2781
72.85 19.0476 -98.2781
72.9 19.0476 -98.2781
72.95 19.0476 -98.2781
73 19.0476 -98.2781
73.05 19.0476 -98.2781
73.1 19.0476 -98.2781
73.15 19.0476 -98.2781
73.2 19.0476 -98.2781
73.25 19.0476 -98.2781
73.3 19.0475 -98.2781
73.35 19.0475 -98.2781
73.4 19.0475 -98.2781
73.45 19.0475 -98.2781
73.5 19.0475 -98.2781
73.55 19.0475 -98.2781
73.6 19.0475 -98.2781
73.65 19.0475 -98.2781
73.7011 19.0475 -98.2781
73.75 19.0475 -98.2781
73.8 19.0475 -98.2781
73.85 19.0475 -98.2781
73.9 19.0475 -98.2781
73.95 19.0475 -98.2781
74 19.0475 -98.2781
74.05 19.0475 -98.2781
74.1 19.0474 -98.2781
74.15 19.0474 -98.2781
74.2 19.0474 -98.2781
74.25 19.0474 -98.2781
74.3 19.0474 -98.2781
74.35 19.0474 -98.2781
74.4 19.0474 -98.2781
74.45 19.0474 -98.2781
74.5 19.0474 -98.2781
74.55 19.0474 -98.2781
74.6 19.0474 -98.2781
74.65 19.0474 -98.2781
74.7011 19.0474 -98.2781
74.75 19.0474 -98.2781
74.8 19.0474 -98.2781
74.85 19.0473 -98.2781
74.9 19.0473 -98.2781
74.95 19.0473 -98.2781
75 19.0473 -98.2781
75.05 19.0473 -98.2781
75.1 19.0473 -98.2781
75.15 19.0473 -98.2781
75.2 19.0473 -98.2781
75.25 19.0473 -98.2781
75.3 19.0473 -98.2781
75.35 19.0473 -98.2781
75.4 19.0473 -98.2781
75.45 19.0473 -98.2781
75.5 19.0473 -98.2781
75.55 19.0473 -98.2781
75.6 19.0473 -98.2781
75.65 19.0472 -98.2781
75.7011 19.0472 -98.2781
75.75 19.0472 -98.2781
75.8 19.0472 -98.2781
75.85 19.0472 -98.2781
75.9 19.0472 -98.2781
75.95 19.0472 -98.2781
76 19.0472 -98.2781
76.05 19.0472 -98.2781
76.1 19.0472 -98.2781
76.15 19.0472 -98.2781
76.2 19.0472 -98.2781
76.25 19.0472 -98.2781
76.3 19.0472 -98.2781
76.35 19.0472 -98.2781
76.4 19.0472 -98.2781
76.45 19.0471 -98.2781
76.5 19.0471 -98.2781
76.55 19.0471 -98.2781
76.6 19.0471 -98.2781
76.65 19.0471 -98.2781
76.701 19.0471 -98.2781
76.75 19.0471 -98.2781
76.8001 19.0471 -98.2781
76.85 19.0471 -98.2781
76.9001 19.0471 -98.2781
76.95 19.0471 -98.2781
77.0001 19.0471 -98.2781
77.05 19.0471 -98.2781
77.1001 19.0471 -98.2781
77.15 19.0471 -98.2781
77.1999 19.047 -98.2781
77.25 19.047 -98.2781
77.3007 19.047 -98.2781
77.35 19.047 -98.2781
77.4001 19.047 -98.2781
77.45 19.047 -98.2781
77.5001 19.047 -98.2781
77.55 19.047 -98.2781
77.6007 19.047 -98.2781
77.65 19.047 -98.2781
77.701 19.047 -98.2781
77.75 19.047 -98.2781
77.8007 19.047 -98.2781
77.85 19.047 -98.2781
77.9007 19.047 -98.2781
77.95 19.047 -98.2781
78.0007 19.0469 -98.2781
78.05 19.0469 -98.2781
78.1007 19.0469 -98.2781
78.15 19.0469 -98.2781
78.1992 19.0469 -98.2781
78.25 19.0469 -98.2781
78.3012 19.0469 -98.278
78.35 19.0469 -98.278
78.4013 19.0469 -98.278
78.4501 19.0469 -98.278
78.5007 19.0469 -98.278
78.5501 19.0469 -98.278
78.6012 19.0469 -98.278
78.6501 19.0469 -98.278
78.7016 19.0469 -98.278
78.7501 19.0469 -98.278
78.8012 19.0468 -98.278
78.8501 19.0468 -98.278
78.9013 19.0468 -98.278
78.9507 19.0468 -98.278
79.0007 19.0468 -98.278
79.0506 19.0468 -98.278
79.1012 19.0468 -98.278
79.1506 19.0468 -98.278
79.2001 19.0468 -98.278
79.2507 19.0468 -98.278
79.3012 19.0468 -98.278
79.3506 19.0468 -98.278
79.4012 19.0468 -98.278
79.4506 19.0468 -98.278
79.5012 19.0468 -98.278
79.5506 19.0467 -98.278
79.6012 19.0467 -98.278
79.6506 19.0467 -98.278
79.7016 19.0467 -98.278
79.7506 19.0467 -98.278
79.8012 19.0467 -98.278
79.8506 19.0467 -98.278
79.9007 19.0467 -98.278
79.9506 19.0467 -98.278
80.0012 19.0467 -98.278
80.0506 19.0467 -98.278
80.1012 19.0467 -98.278
80.1506 19.0467 -98.278
80.201 19.0467 -98.278
80.2515 19.0467 -98.278
80.3011 19.0467 -98.278
80.3506 19.0466 -98.278
80.4011 19.0466 -98.278
80.4506 19.0466 -98.278
80.5012 19.0466 -98.278
80.5506 19.0466 -98.278
80.6012 19.0466 -98.278
80.6505 19.0466 -98.278
80.7015 19.0466 -98.278
80.7506 19.0466 -98.278
80.8006 19.0466 -98.278
80.8506 19.0466 -98.278
80.9011 19.0466 -98.278
80.9505 19.0466 -98.278
81.0011 19.0466 -98.278
81.0505 19.0466 -98.278
81.1011 19.0466 -98.278
81.1506 19.0465 -98.278
81.2015 19.0465 -98.278
81.2505 19.0465 -98.278
81.2996 19.0465 -98.278
81.3505 19.0465 -98.278
81.4011 19.0465 -98.278
81.4505 19.0465 -98.278
81.5011 19.0465 -98.278
81.5505 19.0465 -98.278
81.6011 19.0465 -98.278
81.6505 19.0465 -98.278
81.701 19.0465 -98.278
81.7505 19.0465 -98.278
81.8011 19.0465 -98.278
81.8505 19.0465 -98.278
81.901 19.0464 -98.278
81.9505 19.0464 -98.278
82.0011 19.0464 -98.278
82.0505 19.0464 -98.278
82.101 19.0464 -98.278
82.1505 19.0464 -98.278
82.2014 19.0464 -98.278
82.2505 19.0464 -98.278
82.2995 19.0464 -98.278
82.3505 19.0464 -98.278
82.4011 19.0464 -98.278
82.4505 19.0464 -98.278
82.5005 19.0464 -98.278
82.5505 19.0464 -98.278
82.6005 19.0464 -98.278
82.6505 19.0463 -98.278
82.7009 19.0463 -98.278
82.7505 19.0463 -98.278
82.801 19.0463 -98.278
82.8504 19.0463 -98.278
82.901 19.0463 -98.278
82.9504 19.0463 -98.278
83.001 19.0463 -98.278
83.0504 19.0463 -98.278
83.101 19.0463 -98.278
83.1504 19.0463 -98.278
83.2009 19.0463 -98.278
83.2504 19.0463 -98.278
83.301 19.0463 -98.278
83.3516 19.0463 -98.278
83.401 19.0463 -98.278
83.4504 19.0462 -98.278
83.5004 19.0462 -98.278
83.5504 19.0462 -98.278
83.6009 19.0462 -98.278
83.6504 19.0462 -98.278
83.7013 19.0462 -98.278
83.7504 19.0462 -98.278
83.801 19.0462 -98.278
83.8504 19.0462 -98.2779
83.9009 19.0462 -98.2779
83.9504 19.0462 -98.2779
84.0009 19.0462 -98.2779
84.0504 19.0462 -98.2779
84.1011 19.0462 -98.2779
84.1504 19.0462 -98.2779
84.2014 19.0461 -98.2779
84.2504 19.0461 -98.2779
84.3009 19.0461 -98.2779
84.3504 19.0461 -98.2779
84.3998 19.0461 -98.2779
84.4504 19.0461 -98.2779
84.5009 19.0461 -98.2779
84.5503 19.0461 -98.2779
84.6009 19.0461 -98.2779
84.6503 19.0461 -98.2779
84.7014 19.0461 -98.2779
84.7503 19.0461 -98.2779
84.8009 19.0461 -98.2779
84.8503 19.0461 -98.2779
84.9009 19.0461 -98.2779
84.9503 19.046 -98.2779
85.001 19.046 -98.2779
85.0503 19.046 -98.2779
85.1009 19.046 -98.2779
85.1503 19.046 -98.2779
85.2013 19.046 -98.2779
85.2503 19.046 -98.2779
85.3009 19.046 -98.2779
85.3503 19.046 -98.2779
85.4009 19.046 -98.2779
85.4514 19.046 -98.2779
85.5008 19.046 -98.2779
85.5503 19.046 -98.2779
85.6009 19.046 -98.2779
85.6503 19.046 -98.2779
85.7012 19.0459 -98.2779
85.7503 19.0459 -98.2779
85.8008 19.0459 -98.2779
85.8503 19.0459 -98.2779
85.9009 19.0459 -98.2779
85.9503 19.0459 -98.2779
86.0009 19.0459 -98.2779
86.0503 19.0459 -98.2779
86.1009 19.0459 -98.2779
86.1503 19.0459 -98.2779
86.2013 19.0459 -98.2779
86.2503 19.0459 -98.2779
86.3008 19.0459 -98.2779
86.3503 19.0459 -98.2779
86.4008 19.0459 -98.2779
86.4502 19.0458 -98.2779
86.4997 19.0458 -98.2779
86.5502 19.0458 -98.2779
86.6008 19.0458 -98.2779
86.6502 19.0458 -98.2779
86.7012 19.0458 -98.2779
86.7503 19.0458 -98.2779
86.8009 19.0458 -98.2779
86.8502 19.0458 -98.2779
86.9008 19.0458 -98.2779
86.9502 19.0458 -98.2779
87.0008 19.0458 -98.2779
87.0503 19.0458 -98.2779
87.1008 19.0458 -98.2779
87.1503 19.0458 -98.2779
87.2011 19.0457 -98.2779
87.2502 19.0457 -98.2779
87.3007 19.0457 -98.2779
87.3502 19.0457 -98.2779
87.4008 19.0457 -98.2779
87.4502 19.0457 -98.2779
87.5008 19.0457 -98.2779
87.5514 19.0457 -98.2779
87.6008 19.0457 -98.2779
87.6502 19.0457 -98.2779
87.7013 19.0457 -98.2779
87.7502 19.0457 -98.2779
87.8008 19.0457 -98.2779
87.8502 19.0457 -98.2779
87.9008 19.0457 -98.2779
87.9502 19.0456 -98.2779
88.0007 19.0456 -98.2779
88.0502 19.0456 -98.2779
88.1007 19.0456 -98.2779
88.1502 19.0456 -98.2779
88.2011 19.0456 -98.2779
88.2502 19.0456 -98.2779
88.3007 19.0456 -98.2779
88.3501 19.0456 -98.2779
88.4007 19.0456 -98.2779
88.4501 19.0456 -98.2779
88.5007 19.0456 -98.2779
88.5513 19.0456 -98.2779
88.6008 19.0456 -98.2779
88.6501 19.0456 -98.2779
88.7011 19.0456 -98.2779
88.7502 19.0455 -98.2779
88.8007 19.0455 -98.2779
88.8502 19.0455 -98.2779
88.9007 19.0455 -98.2779
88.9501 19.0455 -98.2779
89.0007 19.0455 -98.2779
89.0501 19.0455 -98.2779
89.1006 19.0455 -98.2779
89.1501 19.0455 -98.2778
89.2011 19.0455 -98.2778
89.2501 19.0455 -98.2778
89.3007 19.0455 -98.2778
89.3501 19.0455 -98.2778
89.4007 19.0455 -98.2778
89.4501 19.0455 -98.2778
89.5008 19.0454 -98.2778
89.5501 19.0454 -98.2778
89.5994 19.0454 -98.2778
89.6501 19.0454 -98.2778
89.701 19.0454 -98.2778
89.7501 19.0454 -98.2778
89.8007 19.0454 -98.2778
89.8501 19.0454 -98.2778
89.9006 19.0454 -98.2778
89.9501 19.0454 -98.2778
90.0006 19.0454 -98.2778
90.0501 19.0454 -98.2778
90.1007 19.0454 -98.2778
90.1501 19.0454 -98.2778
90.2011 19.0454 -98.2778
90.2501 19.0454 -98.2778
90.3007 19.0453 -98.2778
90.3501 19.0453 -98.2778
90.4007 19.0453 -98.2778
90.45 19.0453 -98.2778
90.5006 19.0453 -98.2778
90.5501 19.0453 -98.2778
90.6006 19.0453 -98.2778
90.6511 19.0453 -98.2778
90.7009 19.0453 -98.2778
90.75 19.0453 -98.2778
90.8005 19.0453 -98.2778
90.85 19.0453 -98.2778
90.9006 19.0453 -98.2778
90.95 19.0453 -98.2778
91.0006 19.0453 -98.2778
91.05 19.0452 -98.2778
91.1006 19.0452 -98.2778
91.1501 19.0452 -98.2778
91.2011 19.0452 -98.2778
91.2501 19.0452 -98.2778
91.3006 19.0452 -98.2778
91.35 19.0452 -98.2778
91.4006 19.0452 -98.2778
91.45 19.0452 -98.2778
91.5006 19.0452 -98.2778
91.55 19.0452 -98.2778
91.6005 19.0452 -98.2778
91.65 19.0452 -98.2778
91.6995 19.0452 -98.2778
91.75 19.0451 -98.2778
91.8005 19.0451 -98.2778
91.85 19.0451 -98.2778
91.9005 19.0451 -98.2778
91.95 19.0451 -98.2778
92.0006 19.0451 -98.2778
92.05 19.0451 -98.2778
92.1006 19.0451 -98.2778
92.15 19.0451 -98.2778
92.2009 19.0451 -98.2778
92.25 19.0451 -98.2778
92.3005 19.0451 -98.2778
92.35 19.0451 -98.2778
92.4005 19.0451 -98.2778
92.45 19.0451 -98.2778
92.5005 19.045 -98.2778
92.55 19.045 -98.2778
92.6005 19.045 -98.2778
92.65 19.045 -98.2778
92.6995 19.045 -98.2778
92.75 19.045 -98.2778
92.8005 19.045 -98.2778
92.85 19.045 -98.2778
92.9005 19.045 -98.2778
92.95 19.045 -98.2778
93.0006 19.045 -98.2778
93.05 19.045 -98.2778
93.1005 19.045 -98.2778
93.15 19.045 -98.2778
93.2008 19.045 -98.2778
93.25 19.0449 -98.2778
93.3004 19.0449 -98.2777
93.35 19.0449 -98.2777
93.4004 19.0449 -98.2777
93.45 19.0449 -98.2777
93.5004 19.0449 -98.2777
93.55 19.0449 -98.2777
93.6004 19.0449 -98.2777
93.65 19.0449 -98.2777
93.7008 19.0449 -98.2777
93.7517 19.0449 -98.2777
93.8004 19.0449 -98.2777
93.85 19.0449 -98.2777
93.9004 19.0449 -98.2777
93.95 19.0449 -98.2777
94.0004 19.0448 -98.2777
94.05 19.0448 -98.2777
94.1004 19.0448 -98.2777
94.15 19.0448 -98.2777
94.2008 19.0448 -98.2777
94.25 19.0448 -98.2777
94.3004 19.0448 -98.2777
94.35 19.0448 -98.2777
94.4004 19.0448 -98.2777
94.45 19.0448 -98.2777
94.5004 19.0448 -98.2777
94.55 19.0448 -98.2777
94.6004 19.0448 -98.2777
94.65 19.0448 -98.2777
94.7008 19.0448 -98.2777
94.75 19.0447 -98.2777
94.7992 19.0447 -98.2777
94.85 19.0447 -98.2777
94.9004 19.0447 -98.2777
94.95 19.0447 -98.2777
95.0004 19.0447 -98.2777
95.05 19.0447 -98.2777
95.1004 19.0447 -98.2777
95.15 19.0447 -98.2777
95.2007 19.0447 -98.2777
95.25 19.0447 -98.2777
95.3003 19.0447 -98.2777
95.35 19.0447 -98.2777
95.4004 19.0447 -98.2777
95.45 19.0447 -98.2777
95.5004 19.0446 -98.2777
95.55 19.0446 -98.2777
95.6004 19.0446 -98.2777
95.65 19.0446 -98.2777
95.7008 19.0446 -98.2776
95.75 19.0446 -98.2776
95.8003 19.0446 -98.2776
95.8507 19.0446 -98.2776
95.9003 19.0446 -98.2776
95.95 19.0446 -98.2776
96.0004 19.0446 -98.2776
96.05 19.0446 -98.2776
96.1003 19.0446 -98.2776
96.15 19.0446 -98.2776
96.2007 19.0446 -98.2776
96.2501 19.0446 -98.2776
96.3004 19.0445 -98.2776
96.3501 19.0445 -98.2776
96.4003 19.0445 -98.2776
96.4501 19.0445 -98.2776
96.5003 19.0445 -98.2776
96.5501 19.0445 -98.2776
96.6004 19.0445 -98.2776
96.6501 19.0445 -98.2776
96.7007 19.0445 -98.2776
96.7501 19.0445 -98.2776
96.8003 19.0445 -98.2776
96.8504 19.0445 -98.2776
96.9003 19.0445 -98.2776
96.9506 19.0445 -98.2776
97.0003 19.0445 -98.2776
97.0501 19.0444 -98.2776
97.1003 19.0444 -98.2776
97.1507 19.0444 -98.2776
97.2008 19.0444 -98.2776
97.2506 19.0444 -98.2776
97.3003 19.0444 -98.2776
97.3506 19.0444 -98.2776
97.4003 19.0444 -98.2776
97.4506 19.0444 -98.2775
97.5004 19.0444 -98.2775
97.5506 19.0444 -98.2775
97.6002 19.0444 -98.2775
97.6506 19.0444 -98.2775
97.7006 19.0444 -98.2775
97.7506 19.0444 -98.2775
97.8003 19.0443 -98.2775
97.8506 19.0443 -98.2775
97.9009 19.0443 -98.2775
97.9506 19.0443 -98.2775
98.0002 19.0443 -98.2775
98.0506 19.0443 -98.2775
98.1003 19.0443 -98.2775
98.1506 19.0443 -98.2775
98.2007 19.0443 -98.2775
98.2506 19.0443 -98.2775
98.3002 19.0443 -98.2775
98.3506 19.0443 -98.2775
98.4003 19.0443 -98.2775
98.4506 19.0443 -98.2775
98.5002 19.0443 -98.2775
98.5506 19.0443 -98.2775
98.6002 19.0442 -98.2775
98.6506 19.0442 -98.2775
98.7006 19.0442 -98.2775
98.7505 19.0442 -98.2775
98.8001 19.0442 -98.2775
98.8506 19.0442 -98.2775
98.9002 19.0442 -98.2774
98.9498 19.0442 -98.2774
99.0003 19.0442 -98.2774
99.0506 19.0442 -98.2774
99.1002 19.0442 -98.2774
99.1505 19.0442 -98.2774
99.2006 19.0442 -98.2774
99.2505 19.0442 -98.2774
99.3002 19.0442 -98.2774
99.3505 19.0442 -98.2774
99.4001 19.0441 -98.2774
99.4505 19.0441 -98.2774
99.5001 19.0441 -98.2774
99.5505 19.0441 -98.2774
99.6002 19.0441 -98.2774
99.6505 19.0441 -98.2774
99.7005 19.0441 -98.2774
99.7505 19.0441 -98.2774
99.8001 19.0441 -98.2774
99.8505 19.0441 -98.2774
99.9002 19.0441 -98.2774
99.9505 19.0441 -98.2774
100.001 19.0441 -98.2774
100.05 19.0441 -98.2774
100.1 19.0441 -98.2774
100.151 19.044 -98.2774
100.201 19.044 -98.2773
100.25 19.044 -98.2773
100.3 19.044 -98.2773
100.35 19.044 -98.2773
100.4 19.044 -98.2773
100.45 19.044 -98.2773
100.5 19.044 -98.2773
100.55 19.044 -98.2773
100.6 19.044 -98.2773
100.65 19.044 -98.2773
100.701 19.044 -98.2773
100.75 19.044 -98.2773
100.8 19.044 -98.2773
100.85 19.044 -98.2773
100.9 19.044 -98.2773
100.95 19.0439 -98.2773
101 19.0439 -98.2773
101.05 19.0439 -98.2773
101.1 19.0439 -98.2773
101.15 19.0439 -98.2773
101.2 19.0439 -98.2773
101.25 19.0439 -98.2773
101.3 19.0439 -98.2773
101.35 19.0439 -98.2773
101.4 19.0439 -98.2772
101.45 19.0439 -98.2772
101.5 19.0439 -98.2772
101.55 19.0439 -98.2772
101.6 19.0439 -98.2772
101.65 19.0439 -98.2772
101.701 19.0439 -98.2772
101.75 19.0438 -98.2772
101.8 19.0438 -98.2772
101.85 19.0438 -98.2772
101.9 19.0438 -98.2772
101.95 19.0438 -98.2772
102 19.0438 -98.2772
102.05 19.0438 -98.2772
102.101 19.0438 -98.2772
102.15 19.0438 -98.2772
102.2 19.0438 -98.2772
102.25 19.0438 -98.2772
102.3 19.0438 -98.2772
102.35 19.0438 -98.2772
102.4 19.0438 -98.2772
102.45 19.0438 -98.2772
102.5 19.0438 -98.2771
102.55 19.0438 -98.2771
102.6 19.0437 -98.2771
102.65 19.0437 -98.2771
102.7 19.0437 -98.2771
102.75 19.0437 -98.2771
102.8 19.0437 -98.2771
102.85 19.0437 -98.2771
102.9 19.0437 -98.2771
102.95 19.0437 -98.2771
103 19.0437 -98.2771
103.05 19.0437 -98.2771
103.1 19.0437 -98.2771
103.15 19.0437 -98.2771
103.2 19.0437 -98.2771
103.25 19.0437 -98.2771
103.3 19.0437 -98.2771
103.35 19.0437 -98.2771
103.4 19.0437 -98.2771
103.45 19.0436 -98.2771
103.5 19.0436 -98.277
103.55 19.0436 -98.277
103.6 19.0436 -98.277
103.65 19.0436 -98.277
103.7 19.0436 -98.277
103.75 19.0436 -98.277
103.8 19.0436 -98.277
103.85 19.0436 -98.277
103.9 19.0436 -98.277
103.95 19.0436 -98.277
104 19.0436 -98.277
104.05 19.0436 -98.277
104.1 19.0436 -98.277
104.15 19.0436 -98.277
104.201 19.0436 -98.277
104.25 19.0436 -98.277
104.3 19.0436 -98.277
104.35 19.0435 -98.277
104.4 19.0435 -98.277
104.45 19.0435 -98.2769
104.5 19.0435 -98.2769
104.55 19.0435 -98.2769
104.6 19.0435 -98.2769
104.65 19.0435 -98.2769
104.7 19.0435 -98.2769
104.75 19.0435 -98.2769
104.8 19.0435 -98.2769
104.85 19.0435 -98.2769
104.9 19.0435 -98.2769
104.95 19.0435 -98.2769
105 19.0435 -98.2769
105.05 19.0435 -98.2769
105.1 19.0435 -98.2769
105.15 19.0435 -98.2769
105.2 19.0435 -98.2769
105.25 19.0434 -98.2769
105.3 19.0434 -98.2769
105.35 19.0434 -98.2768
105.4 19.0434 -98.2768
105.45 19.0434 -98.2768
105.5 19.0434 -98.2768
105.55 19.0434 -98.2768
105.6 19.0434 -98.2768
105.65 19.0434 -98.2768
105.7 19.0434 -98.2768
105.75 19.0434 -98.2768
105.8 19.0434 -98.2768
105.85 19.0434 -98.2768
105.9 19.0434 -98.2768
105.95 19.0434 -98.2768
106 19.0434 -98.2768
106.05 19.0434 -98.2768
106.1 19.0434 -98.2768
106.15 19.0434 -98.2768
106.2 19.0433 -98.2767
106.25 19.0433 -98.2767
106.3 19.0433 -98.2767
106.35 19.0433 -98.2767
106.4 19.0433 -98.2767
106.45 19.0433 -98.2767
106.5 19.0433 -98.2767
106.55 19.0433 -98.2767
106.6 19.0433 -98.2767
106.65 19.0433 -98.2767
106.7 19.0433 -98.2767
106.75 19.0433 -98.2767
106.8 19.0433 -98.2767
106.85 19.0433 -98.2767
106.9 19.0433 -98.2767
106.95 19.0433 -98.2767
107 19.0433 -98.2766
107.05 19.0433 -98.2766
107.1 19.0433 -98.2766
107.15 19.0433 -98.2766
107.2 19.0432 -98.2766
107.25 19.0432 -98.2766
107.3 19.0432 -98.2766
107.35 19.0432 -98.2766
107.4 19.0432 -98.2766
107.45 19.0432 -98.2766
107.5 19.0432 -98.2766
107.55 19.0432 -98.2766
107.6 19.0432 -98.2766
107.65 19.0432 -98.2766
107.7 19.0432 -98.2766
107.75 19.0432 -98.2766
107.8 19.0432 -98.2766
107.85 19.0432 -98.2765
107.9 19.0432 -98.2765
107.95 19.0432 -98.2765
108 19.0432 -98.2765
108.05 19.0432 -98.2765
108.1 19.0432 -98.2765
108.15 19.0432 -98.2765
108.2 19.0432 -98.2765
108.25 19.0431 -98.2765
108.3 19.0431 -98.2765
108.35 19.0431 -98.2765
108.4 19.0431 -98.2765
108.45 19.0431 -98.2765
108.5 19.0431 -98.2765
108.55 19.0431 -98.2765
108.6 19.0431 -98.2764
108.65 19.0431 -98.2764
108.7 19.0431 -98.2764
108.75 19.0431 -98.2764
108.8 19.0431 -98.2764
108.85 19.0431 -98.2764
108.9 19.0431 -98.2764
108.95 19.0431 -98.2764
109 19.0431 -98.2764
109.05 19.0431 -98.2764
109.1 19.0431 -98.2764
109.15 19.0431 -98.2764
109.2 19.0431 -98.2764
109.25 19.0431 -98.2764
109.3 19.0431 -98.2764
109.35 19.043 -98.2763
109.4 19.043 -98.2763
109.45 19.043 -98.2763
109.5 19.043 -98.2763
109.55 19.043 -98.2763
109.6 19.043 -98.2763
109.65 19.043 -98.2763
109.7 19.043 -98.2763
109.75 19.043 -98.2763
109.8 19.043 -98.2763
109.85 19.043 -98.2763
109.9 19.043 -98.2763
109.95 19.043 -98.2763
110 19.043 -98.2763
110.05 19.043 -98.2763
110.1 19.043 -98.2762
110.15 19.043 -98.2762
110.2 19.043 -98.2762
110.25 19.043 -98.2762
110.3 19.043 -98.2762
110.35 19.043 -98.2762
110.4 19.043 -98.2762
110.45 19.043 -98.2762
110.5 19.043 -98.2762
110.55 19.0429 -98.2762
110.6 19.0429 -98.2762
110.65 19.0429 -98.2762
110.7 19.0429 -98.2762
110.75 19.0429 -98.2762
110.8 19.0429 -98.2761
110.85 19.0429 -98.2761
110.9 19.0429 -98.2761
110.95 19.0429 -98.2761
111 19.0429 -98.2761
111.05 19.0429 -98.2761
111.1 19.0429 -98.2761
111.15 19.0429 -98.2761
111.2 19.0429 -98.2761
111.25 19.0429 -98.2761
111.3 19.0429 -98.2761
111.35 19.0429 -98.2761
111.4 19.0429 -98.2761
111.45 19.0429 -98.2761
111.5 19.0429 -98.276
111.55 19.0429 -98.276
111.6 19.0429 -98.276
111.65 19.0429 -98.276
111.7 19.0429 -98.276
111.75 19.0429 -98.276
111.8 19.0429 -98.276
111.85 19.0429 -98.276
111.9 19.0428 -98.276
111.95 19.0428 -98.276
112 19.0428 -98.276
112.05 19.0428 -98.276
112.1 19.0428 -98.276
112.15 19.0428 -98.276
112.2 19.0428 -98.2759
112.25 19.0428 -98.2759
112.3 19.0428 -98.2759
112.35 19.0428 -98.2759
112.4 19.0428 -98.2759
112.45 19.0428 -98.2759
112.5 19.0428 -98.2759
112.55 19.0428 -98.2759
112.6 19.0428 -98.2759
112.65 19.0428 -98.2759
112.7 19.0428 -98.2759
112.75 19.0428 -98.2759
112.8 19.0428 -98.2759
112.85 19.0428 -98.2758
112.9 19.0428 -98.2758
112.95 19.0428 -98.2758
113 19.0428 -98.2758
113.05 19.0428 -98.2758
113.1 19.0428 -98.2758
113.15 19.0428 -98.2758
113.2 19.0428 -98.2758
113.25 19.0428 -98.2758
113.3 19.0428 -98.2758
113.35 19.0428 -98.2758
113.4 19.0428 -98.2758
113.45 19.0427 -98.2758
113.5 19.0427 -98.2758
113.55 19.0427 -98.2757
113.6 19.0427 -98.2757
113.65 19.0427 -98.2757
113.7 19.0427 -98.2757
113.75 19.0427 -98.2757
113.8 19.0427 -98.2757
113.85 19.0427 -98.2757
113.9 19.0427 -98.2757
113.95 19.0427 -98.2757
114 19.0427 -98.2757
114.05 19.0427 -98.2757
114.1 19.0427 -98.2757
114.15 19.0427 -98.2757
114.2 19.0427 -98.2756
114.25 19.0427 -98.2756
114.3 19.0427 -98.2756
114.35 19.0427 -98.2756
114.4 19.0427 -98.2756
114.45 19.0427 -98.2756
114.5 19.0427 -98.2756
114.55 19.0427 -98.2756
114.6 19.0427 -98.2756
114.65 19.0427 -98.2756
114.7 19.0427 -98.2756
114.75 19.0427 -98.2756
114.8 19.0427 -98.2756
114.85 19.0427 -98.2755
114.9 19.0427 -98.2755
114.95 19.0427 -98.2755
115 19.0427 -98.2755
115.051 19.0427 -98.2755
115.1 19.0426 -98.2755
115.151 19.0426 -98.2755
115.2 19.0426 -98.2755
115.251 19.0426 -98.2755
115.3 19.0426 -98.2755
115.349 19.0426 -98.2755
115.4 19.0426 -98.2755
115.451 19.0426 -98.2755
115.5 19.0426 -98.2755
115.551 19.0426 -98.2754
115.6 19.0426 -98.2754
115.651 19.0426 -98.2754
115.7 19.0426 -98.2754
115.751 19.0426 -98.2754
115.8 19.0426 -98.2754
115.851 19.0426 -98.2754
115.9 19.0426 -98.2754
115.951 19.0426 -98.2754
116 19.0426 -98.2754
116.051 19.0426 -98.2754
116.1 19.0426 -98.2754
116.151 19.0426 -98.2754
116.2 19.0426 -98.2753
116.251 19.0426 -98.2753
116.3 19.0426 -98.2753
116.351 19.0426 -98.2753
116.402 19.0426 -98.2753
116.451 19.0426 -98.2753
116.501 19.0426 -98.2753
116.551 19.0426 -98.2753
116.601 19.0426 -98.2753
116.651 19.0426 -98.2753
116.7 19.0426 -98.2753
116.751 19.0425 -98.2753
116.801 19.0425 -98.2753
116.851 19.0425 -98.2753
116.901 19.0425 -98.2752
116.951 19.0425 -98.2752
117.001 19.0425 -98.2752
117.051 19.0425 -98.2752
117.101 19.0425 -98.2752
117.151 19.0425 -98.2752
117.201 19.0425 -98.2752
117.251 19.0425 -98.2752
117.301 19.0425 -98.2752
117.351 19.0425 -98.2752
117.401 19.0425 -98.2752
117.451 19.0425 -98.2752
117.501 19.0425 -98.2752
117.551 19.0425 -98.2751
117.601 19.0425 -98.2751
117.651 19.0425 -98.2751
117.701 19.0425 -98.2751
117.751 19.0425 -98.2751
117.801 19.0425 -98.2751
117.851 19.0425 -98.2751
117.901 19.0425 -98.2751
117.951 19.0425 -98.2751
118.001 19.0425 -98.2751
118.051 19.0425 -98.2751
118.101 19.0425 -98.2751
118.151 19.0425 -98.2751
118.201 19.0425 -98.275
118.251 19.0425 -98.275
118.301 19.0425 -98.275
118.351 19.0425 -98.275
118.401 19.0424 -98.275
118.451 19.0424 -98.275
118.501 19.0424 -98.275
118.551 19.0424 -98.275
118.601 19.0424 -98.275
118.651 19.0424 -98.275
118.701 19.0424 -98.275
118.751 19.0424 -98.275
118.801 19.0424 -98.275
118.851 19.0424 -98.275
118.901 19.0424 -98.2749
118.951 19.0424 -98.2749
119.001 19.0424 -98.2749
119.05 19.0424 -98.2749
119.101 19.0424 -98.2749
119.15 19.0424 -98.2749
119.201 19.0424 -98.2749
119.251 19.0424 -98.2749
119.301 19.0424 -98.2749
119.35 19.0424 -98.2749
119.4 19.0424 -98.2749
119.451 19.0424 -98.2749
119.501 19.0424 -98.2749
119.551 19.0424 -98.2748
119.6 19.0424 -98.2748
119.65 19.0424 -98.2748
119.701 19.0424 -98.2748
119.75 19.0424 -98.2748
119.8 19.0424 -98.2748
119.85 19.0424 -98.2748
119.9 19.0424 -98.2748
119.95 19.0424 -98.2748
120 19.0424 -98.2748
120.05 19.0424 -98.2748
120.1 19.0423 -98.2748
120.15 19.0423 -98.2748
120.201 19.0423 -98.2747
120.25 19.0423 -98.2747
120.3 19.0423 -98.2747
120.35 19.0423 -98.2747
120.4 19.0423 -98.2747
120.451 19.0423 -98.2747
120.5 19.0423 -98.2747
120.55 19.0423 -98.2747
120.6 19.0423 -98.2747
120.65 19.0423 -98.2747
120.701 19.0423 -98.2747
120.751 19.0423 -98.2747
120.8 19.0423 -98.2747
120.85 19.0423 -98.2747
120.9 19.0423 -98.2746
120.951 19.0423 -98.2746
121 19.0423 -98.2746
121.051 19.0423 -98.2746
121.1 19.0423 -98.2746
121.151 19.0423 -98.2746
121.201 19.0423 -98.2746
121.251 19.0423 -98.2746
121.3 19.0423 -98.2746
121.351 19.0423 -98.2746
121.4 19.0423 -98.2746
121.451 19.0423 -98.2746
121.5 19.0423 -98.2746
121.551 19.0423 -98.2745
121.602 19.0423 -98.2745
121.651 19.0423 -98.2745
121.701 19.0423 -98.2745
121.751 19.0422 -98.2745
121.8 19.0422 -98.2745
121.851 19.0422 -98.2745
121.9 19.0422 -98.2745
121.951 19.0422 -98.2745
122 19.0422 -98.2745
122.051 19.0422 -98.2745
122.1 19.0422 -98.2745
122.151 19.0422 -98.2745
122.201 19.0422 -98.2745
122.251 19.0422 -98.2744
122.3 19.0422 -98.2744
122.351 19.0422 -98.2744
122.4 19.0422 -98.2744
122.451 19.0422 -98.2744
122.5 19.0422 -98.2744
122.551 19.0422 -98.2744
122.6 19.0422 -98.2744
122.65 19.0422 -98.2744
122.701 19.0422 -98.2744
122.751 19.0422 -98.2744
122.8 19.0422 -98.2744
122.851 19.0422 -98.2744
122.9 19.0422 -98.2744
122.951 19.0422 -98.2743
123 19.0422 -98.2743
123.051 19.0422 -98.2743
123.1 19.0422 -98.2743
123.151 19.0422 -98.2743
123.201 19.0422 -98.2743
123.251 19.0422 -98.2743
123.3 19.0422 -98.2743
123.351 19.0422 -98.2743
123.4 19.0422 -98.2743
123.451 19.0421 -98.2743
123.5 19.0421 -98.2743
123.551 19.0421 -98.2743
123.6 19.0421 -98.2742
123.651 19.0421 -98.2742
123.701 19.0421 -98.2742
123.751 19.0421 -98.2742
123.8 19.0421 -98.2742
123.851 19.0421 -98.2742
123.9 19.0421 -98.2742
123.951 19.0421 -98.2742
124 19.0421 -98.2742
124.051 19.0421 -98.2742
124.1 19.0421 -98.2742
124.151 19.0421 -98.2742
124.201 19.0421 -98.2742
124.251 19.0421 -98.2742
124.3 19.0421 -98.2741
124.351 19.0421 -98.2741
124.4 19.0421 -98.2741
124.451 19.0421 -98.2741
124.5 19.0421 -98.2741
124.551 19.0421 -98.2741
124.6 19.0421 -98.2741
124.651 19.0421 -98.2741
124.701 19.0421 -98.2741
124.751 19.0421 -98.2741
124.8 19.0421 -98.2741
124.851 19.0421 -98.2741
124.9 19.0421 -98.2741
124.951 19.0421 -98.2741
125 19.0421 -98.274
125.051 19.0421 -98.274
125.1 19.0421 -98.274
125.151 19.0421 -98.274
125.201 19.042 -98.274
125.251 19.042 -98.274
125.3 19.042 -98.274
125.351 19.042 -98.274
125.4 19.042 -98.274
125.451 19.042 -98.274
125.5 19.042 -98.274
125.551 19.042 -98.274
125.6 19.042 -98.274
125.651 19.042 -98.2739
125.701 19.042 -98.2739
125.751 19.042 -98.2739
125.801 19.042 -98.2739
125.851 19.042 -98.2739
125.9 19.042 -98.2739
125.951 19.042 -98.2739
126 19.042 -98.2739
126.051 19.042 -98.2739
126.1 19.042 -98.2739
126.151 19.042 -98.2739
126.201 19.042 -98.2739
126.251 19.042 -98.2739
126.3 19.042 -98.2739
126.351 19.042 -98.2738
126.4 19.042 -98.2738
126.451 19.042 -98.2738
126.5 19.042 -98.2738
126.551 19.042 -98.2738
126.6 19.042 -98.2738
126.651 19.042 -98.2738
126.701 19.042 -98.2738
126.751 19.042 -98.2738
126.8 19.042 -98.2738
126.85 19.042 -98.2738
126.9 19.042 -98.2738
126.951 19.0419 -98.2738
127 19.0419 -98.2738
127.051 19.0419 -98.2737
127.1 19.0419 -98.2737
127.151 19.0419 -98.2737
127.201 19.0419 -98.2737
127.251 19.0419 -98.2737
127.3 19.0419 -98.2737
127.351 19.0419 -98.2737
127.4 19.0419 -98.2737
127.451 19.0419 -98.2737
127.5 19.0419 -98.2737
127.551 19.0419 -98.2737
127.6 19.0419 -98.2737
127.651 19.0419 -98.2737
127.701 19.0419 -98.2737
127.751 19.0419 -98.2736
127.8 19.0419 -98.2736
127.851 19.0419 -98.2736
127.901 19.0419 -98.2736
127.951 19.0419 -98.2736
128 19.0419 -98.2736
128.051 19.0419 -98.2736
128.1 19.0419 -98.2736
128.151 19.0419 -98.2736
128.201 19.0419 -98.2736
128.251 19.0419 -98.2736
128.3 19.0419 -98.2736
128.351 19.0419 -98.2736
128.4 19.0419 -98.2736
128.451 19.0419 -98.2735
128.5 19.0419 -98.2735
128.551 19.0419 -98.2735
128.6 19.0419 -98.2735
128.651 19.0419 -98.2735
128.7 19.0419 -98.2735
128.751 19.0418 -98.2735
128.8 19.0418 -98.2735
128.851 19.0418 -98.2735
128.9 19.0418 -98.2735
128.949 19.0418 -98.2735
129 19.0418 -98.2735
129.051 19.0418 -98.2735
129.1 19.0418 -98.2735
129.151 19.0418 -98.2735
129.2 19.0418 -98.2734
129.251 19.0418 -98.2734
129.3 19.0418 -98.2734
129.351 19.0418 -98.2734
129.4 19.0418 -98.2734
129.451 19.0418 -98.2734
129.5 19.0418 -98.2734
129.55 19.0418 -98.2734
129.6 19.0418 -98.2734
129.651 19.0418 -98.2734
129.7 19.0418 -98.2734
129.75 19.0418 -98.2734
129.8 19.0418 -98.2734
129.85 19.0418 -98.2734
129.9 19.0418 -98.2734
129.95 19.0418 -98.2733
130 19.0418 -98.2733
130.051 19.0418 -98.2733
130.1 19.0418 -98.2733
130.151 19.0418 -98.2733
130.2 19.0418 -98.2733
130.251 19.0418 -98.2733
130.3 19.0418 -98.2733
130.35 19.0418 -98.2733
130.4 19.0418 -98.2733
130.45 19.0418 -98.2733
130.5 19.0418 -98.2733
130.55 19.0417 -98.2733
130.6 19.0417 -98.2733
130.65 19.0417 -98.2732
130.7 19.0417 -98.2732
130.75 19.0417 -98.2732
130.8 19.0417 -98.2732
130.851 19.0417 -98.2732
130.9 19.0417 -98.2732
130.95 19.0417 -98.2732
131.001 19.0417 -98.2732
131.05 19.0417 -98.2732
131.1 19.0417 -98.2732
131.15 19.0417 -98.2732
131.2 19.0417 -98.2732
131.25 19.0417 -98.2732
131.3 19.0417 -98.2732
131.35 19.0417 -98.2732
131.4 19.0417 -98.2731
131.45 19.0417 -98.2731
131.5 19.0417 -98.2731
131.55 19.0417 -98.2731
131.6 19.0417 -98.2731
131.65 19.0417 -98.2731
131.7 19.0417 -98.2731
131.75 19.0417 -98.2731
131.8 19.0417 -98.2731
131.85 19.0417 -98.2731
131.9 19.0417 -98.2731
131.95 19.0417 -98.2731
132.001 19.0417 -98.2731
132.05 19.0417 -98.2731
132.1 19.0417 -98.273
132.15 19.0417 -98.273
132.2 19.0417 -98.273
132.25 19.0417 -98.273
132.3 19.0417 -98.273
132.35 19.0417 -98.273
132.4 19.0416 -98.273
132.45 19.0416 -98.273
132.5 19.0416 -98.273
132.55 19.0416 -98.273
132.6 19.0416 -98.273
132.65 19.0416 -98.273
132.7 19.0416 -98.273
132.75 19.0416 -98.273
132.8 19.0416 -98.273
132.85 19.0416 -98.2729
132.9 19.0416 -98.2729
132.95 19.0416 -98.2729
133 19.0416 -98.2729
133.05 19.0416 -98.2729
133.1 19.0416 -98.2729
133.15 19.0416 -98.2729
133.2 19.0416 -98.2729
133.25 19.0416 -98.2729
133.3 19.0416 -98.2729
133.35 19.0416 -98.2729
133.4 19.0416 -98.2729
133.45 19.0416 -98.2729
133.5 19.0416 -98.2729
133.55 19.0416 -98.2728
133.6 19.0416 -98.2728
133.65 19.0416 -98.2728
133.7 19.0416 -98.2728
133.75 19.0416 -98.2728
133.8 19.0416 -98.2728
133.85 19.0416 -98.2728
133.9 19.0416 -98.2728
133.95 19.0416 -98.2728
134 19.0416 -98.2728
134.05 19.0416 -98.2728
134.101 19.0416 -98.2728
134.15 19.0416 -98.2728
134.2 19.0415 -98.2728
134.25 19.0415 -98.2727
134.3 19.0415 -98.2727
134.35 19.0415 -98.2727
134.4 19.0415 -98.2727
134.45 19.0415 -98.2727
134.5 19.0415 -98.2727
134.55 19.0415 -98.2727
134.6 19.0415 -98.2727
134.65 19.0415 -98.2727
134.701 19.0415 -98.2727
134.75 19.0415 -98.2727
134.801 19.0415 -98.2727
134.85 19.0415 -98.2727
134.901 19.0415 -98.2727
134.95 19.0415 -98.2727
135 19.0415 -98.2726
135.05 19.0415 -98.2726
135.1 19.0415 -98.2726
135.15 19.0415 -98.2726
135.201 19.0415 -98.2726
135.25 19.0415 -98.2726
135.301 19.0415 -98.2726
135.35 19.0415 -98.2726
135.401 19.0415 -98.2726
135.45 19.0415 -98.2726
135.501 19.0415 -98.2726
135.55 19.0415 -98.2726
135.601 19.0415 -98.2726
135.65 19.0415 -98.2726
135.701 19.0415 -98.2725
135.75 19.0415 -98.2725
135.801 19.0415 -98.2725
135.85 19.0415 -98.2725
135.901 19.0415 -98.2725
135.95 19.0415 -98.2725
136.001 19.0415 -98.2725
136.05 19.0414 -98.2725
136.101 19.0414 -98.2725
136.151 19.0414 -98.2725
136.201 19.0414 -98.2725
136.25 19.0414 -98.2725
136.301 19.0414 -98.2725
136.35 19.0414 -98.2725
136.401 19.0414 -98.2725
136.45 19.0414 -98.2724
136.501 19.0414 -98.2724
136.55 19.0414 -98.2724
136.601 19.0414 -98.2724
136.65 19.0414 -98.2724
136.701 19.0414 -98.2724
136.75 19.0414 -98.2724
136.801 19.0414 -98.2724
136.85 19.0414 -98.2724
136.901 19.0414 -98.2724
136.95 19.0414 -98.2724
137.001 19.0414 -98.2724
137.05 19.0414 -98.2724
137.101 19.0414 -98.2724
137.15 19.0414 -98.2723
137.2 19.0414 -98.2723
137.25 19.0414 -98.2723
137.3 19.0414 -98.2723
137.35 19.0414 -98.2723
137.4 19.0414 -98.2723
137.45 19.0414 -98.2723
137.501 19.0414 -98.2723
137.55 19.0414 -98.2723
137.6 19.0414 -98.2723
137.65 19.0414 -98.2723
137.701 19.0414 -98.2723
137.75 19.0414 -98.2723
137.801 19.0414 -98.2723
137.85 19.0413 -98.2722
137.9 19.0413 -98.2722
137.95 19.0413 -98.2722
138 19.0413 -98.2722
138.05 19.0413 -98.2722
138.1 19.0413 -98.2722
138.15 19.0413 -98.2722
138.201 19.0413 -98.2722
138.252 19.0413 -98.2722
138.3 19.0413 -98.2722
138.35 19.0413 -98.2722
138.4 19.0413 -98.2722
138.45 19.0413 -98.2722
138.5 19.0413 -98.2722
138.55 19.0413 -98.2722
138.6 19.0413 -98.2721
138.65 19.0413 -98.2721
138.701 19.0413 -98.2721
138.75 19.0413 -98.2721
138.8 19.0413 -98.2721
138.85 19.0413 -98.2721
138.9 19.0413 -98.2721
138.95 19.0413 -98.2721
139 19.0413 -98.2721
139.05 19.0413 -98.2721
139.1 19.0413 -98.2721
139.15 19.0413 -98.2721
139.201 19.0413 -98.2721
139.252 19.0413 -98.2721
139.3 19.0413 -98.272
139.35 19.0413 -98.272
139.4 19.0413 -98.272
139.45 19.0413 -98.272
139.5 19.0412 -98.272
139.55 19.0412 -98.272
139.6 19.0412 -98.272
139.65 19.0412 -98.272
139.701 19.0412 -98.272
139.75 19.0412 -98.272
139.8 19.0412 -98.272
139.85 19.0412 -98.272
139.9 19.0412 -98.272
139.95 19.0412 -98.272
140 19.0412 -98.272
140.05 19.0412 -98.2719
140.1 19.0412 -98.2719
140.15 19.0412 -98.2719
140.201 19.0412 -98.2719
140.25 19.0412 -98.2719
140.299 19.0412 -98.2719
140.35 19.0412 -98.2719
140.4 19.0412 -98.2719
140.45 19.0412 -98.2719
140.5 19.0412 -98.2719
140.55 19.0412 -98.2719
140.6 19.0412 -98.2719
140.65 19.0412 -98.2719
140.701 19.0412 -98.2719
140.75 19.0412 -98.2719
140.8 19.0412 -98.2718
140.85 19.0412 -98.2718
140.9 19.0412 -98.2718
140.95 19.0412 -98.2718
141 19.0411 -98.2718
141.05 19.0411 -98.2718
141.1 19.0411 -98.2718
141.15 19.0411 -98.2718
141.201 19.0411 -98.2718
141.25 19.0411 -98.2718
141.3 19.0411 -98.2718
141.351 19.0411 -98.2718
141.4 19.0411 -98.2718
141.45 19.0411 -98.2718
141.5 19.0411 -98.2718
141.55 19.0411 -98.2717
141.6 19.0411 -98.2717
141.65 19.0411 -98.2717
141.701 19.0411 -98.2717
141.75 19.0411 -98.2717
141.8 19.0411 -98.2717
141.85 19.0411 -98.2717
141.9 19.0411 -98.2717
141.95 19.0411 -98.2717
142 19.0411 -98.2717
142.05 19.0411 -98.2717
142.1 19.0411 -98.2717
142.15 19.0411 -98.2717
142.201 19.0411 -98.2717
142.25 19.0411 -98.2717
142.3 19.041 -98.2717
142.35 19.041 -98.2716
142.4 19.041 -98.2716
142.45 19.041 -98.2716
142.5 19.041 -98.2716
142.55 19.041 -98.2716
142.6 19.041 -98.2716
142.65 19.041 -98.2716
142.701 19.041 -98.2716
142.75 19.041 -98.2716
142.8 19.041 -98.2716
142.85 19.041 -98.2716
142.9 19.041 -98.2716
142.95 19.041 -98.2716
143 19.041 -98.2716
143.05 19.041 -98.2716
143.1 19.041 -98.2716
143.15 19.041 -98.2715
143.201 19.041 -98.2715
143.25 19.041 -98.2715
143.3 19.041 -98.2715
143.35 19.041 -98.2715
143.4 19.041 -98.2715
143.45 19.041 -98.2715
143.5 19.0409 -98.2715
143.55 19.0409 -98.2715
143.6 19.0409 -98.2715
143.65 19.0409 -98.2715
143.701 19.0409 -98.2715
143.75 19.0409 -98.2715
143.8 19.0409 -98.2715
143.85 19.0409 -98.2715
143.9 19.0409 -98.2715
143.95 19.0409 -98.2714
144 19.0409 -98.2714
144.05 19.0409 -98.2714
144.1 19.0409 -98.2714
144.15 19.0409 -98.2714
144.201 19.0409 -98.2714
144.25 19.0409 -98.2714
144.3 19.0409 -98.2714
144.35 19.0409 -98.2714
144.4 19.0409 -98.2714
144.45 19.0409 -98.2714
144.5 19.0409 -98.2714
144.55 19.0409 -98.2714
144.6 19.0408 -98.2714
144.65 19.0408 -98.2714
144.701 19.0408 -98.2714
144.75 19.0408 -98.2714
144.8 19.0408 -98.2714
144.85 19.0408 -98.2713
144.9 19.0408 -98.2713
144.95 19.0408 -98.2713
145 19.0408 -98.2713
145.05 19.0408 -98.2713
145.1 19.0408 -98.2713
145.15 19.0408 -98.2713
145.201 19.0408 -98.2713
145.25 19.0408 -98.2713
145.3 19.0408 -98.2713
145.35 19.0408 -98.2713
145.4 19.0408 -98.2713
145.45 19.0408 -98.2713
145.5 19.0408 -98.2713
145.55 19.0408 -98.2713
145.6 19.0407 -98.2713
145.65 19.0407 -98.2713
145.701 19.0407 -98.2712
145.75 19.0407 -98.2712
145.8 19.0407 -98.2712
145.85 19.0407 -98.2712
145.9 19.0407 -98.2712
145.95 19.0407 -98.2712
146 19.0407 -98.2712
146.05 19.0407 -98.2712
146.1 19.0407 -98.2712
146.15 19.0407 -98.2712
146.2 19.0407 -98.2712
146.25 19.0407 -98.2712
146.3 19.0407 -98.2712
146.35 19.0407 -98.2712
146.4 19.0407 -98.2712
146.45 19.0407 -98.2712
146.5 19.0407 -98.2712
146.55 19.0406 -98.2712
146.6 19.0406 -98.2712
146.65 19.0406 -98.2711
146.7 19.0406 -98.2711
146.75 19.0406 -98.2711
146.8 19.0406 -98.2711
146.85 19.0406 -98.2711
146.9 19.0406 -98.2711
146.95 19.0406 -98.2711
147 19.0406 -98.2711
147.05 19.0406 -98.2711
147.1 19.0406 -98.2711
147.15 19.0406 -98.2711
147.2 19.0406 -98.2711
147.25 19.0406 -98.2711
147.3 19.0406 -98.2711
147.35 19.0406 -98.2711
147.4 19.0406 -98.2711
147.45 19.0406 -98.2711
147.5 19.0405 -98.2711
147.55 19.0405 -98.2711
147.6 19.0405 -98.2711
147.65 19.0405 -98.271
147.7 19.0405 -98.271
147.75 19.0405 -98.271
147.8 19.0405 -98.271
147.85 19.0405 -98.271
147.9 19.0405 -98.271
147.95 19.0405 -98.271
148 19.0405 -98.271
148.05 19.0405 -98.271
148.1 19.0405 -98.271
148.15 19.0405 -98.271
148.2 19.0405 -98.271
148.25 19.0405 -98.271
148.3 19.0405 -98.271
148.35 19.0405 -98.271
148.4 19.0404 -98.271
148.45 19.0404 -98.271
148.5 19.0404 -98.271
148.55 19.0404 -98.271
148.6 19.0404 -98.271
148.65 19.0404 -98.271
148.7 19.0404 -98.271
148.75 19.0404 -98.2709
148.8 19.0404 -98.2709
148.85 19.0404 -98.2709
148.9 19.0404 -98.2709
148.95 19.0404 -98.2709
149 19.0404 -98.2709
149.05 19.0404 -98.2709
149.1 19.0404 -98.2709
149.15 19.0404 -98.2709
149.2 19.0404 -98.2709
149.25 19.0403 -98.2709
149.3 19.0403 -98.2709
149.35 19.0403 -98.2709
149.4 19.0403 -98.2709
149.45 19.0403 -98.2709
149.5 19.0403 -98.2709
149.55 19.0403 -98.2709
149.6 19.0403 -98.2709
149.65 19.0403 -98.2709
149.7 19.0403 -98.2709
149.75 19.0403 -98.2709
149.8 19.0403 -98.2709
149.85 19.0403 -98.2709
149.9 19.0403 -98.2709
149.95 19.0403 -98.2708
150 19.0403 -98.2708
150.05 19.0402 -98.2708
150.1 19.0402 -98.2708
150.15 19.0402 -98.2708
150.2 19.0402 -98.2708
150.25 19.0402 -98.2708
150.3 19.0402 -98.2708
150.35 19.0402 -98.2708
150.4 19.0402 -98.2708
150.45 19.0402 -98.2708
150.5 19.0402 -98.2708
150.55 19.0402 -98.2708
150.6 19.0402 -98.2708
150.65 19.0402 -98.2708
150.7 19.0402 -98.2708
150.75 19.0402 -98.2708
150.8 19.0402 -98.2708
150.85 19.0401 -98.2708
150.9 19.0401 -98.2708
150.95 19.0401 -98.2708
151 19.0401 -98.2708
151.05 19.0401 -98.2708
151.1 19.0401 -98.2708
151.15 19.0401 -98.2708
151.2 19.0401 -98.2708
151.25 19.0401 -98.2708
151.3 19.0401 -98.2707
151.35 19.0401 -98.2707
151.4 19.0401 -98.2707
151.45 19.0401 -98.2707
151.5 19.0401 -98.2707
151.55 19.0401 -98.2707
151.6 19.0401 -98.2707
151.65 19.04 -98.2707
151.7 19.04 -98.2707
151.75 19.04 -98.2707
151.8 19.04 -98.2707
151.85 19.04 -98.2707
151.9 19.04 -98.2707
151.95 19.04 -98.2707
152 19.04 -98.2707
152.05 19.04 -98.2707
152.1 19.04 -98.2707
152.15 19.04 -98.2707
152.2 19.04 -98.2707
152.25 19.04 -98.2707
152.3 19.04 -98.2707
152.35 19.04 -98.2707
152.4 19.04 -98.2707
152.45 19.0399 -98.2707
152.5 19.0399 -98.2707
152.55 19.0399 -98.2707
152.601 19.0399 -98.2707
152.65 19.0399 -98.2707
152.699 19.0399 -98.2707
152.75 19.0399 -98.2707
152.8 19.0399 -98.2707
152.85 19.0399 -98.2706
152.901 19.0399 -98.2706
152.95 19.0399 -98.2706
153.001 19.0399 -98.2706
153.05 19.0399 -98.2706
153.101 19.0399 -98.2706
153.15 19.0399 -98.2706
153.201 19.0398 -98.2706
153.25 19.0398 -98.2706
153.301 19.0398 -98.2706
153.35 19.0398 -98.2706
153.401 19.0398 -98.2706
153.45 19.0398 -98.2706
153.501 19.0398 -98.2706
153.55 19.0398 -98.2706
153.601 19.0398 -98.2706
153.65 19.0398 -98.2706
153.699 19.0398 -98.2706
153.75 19.0398 -98.2706
153.801 19.0398 -98.2706
153.85 19.0398 -98.2706
153.901 19.0398 -98.2706
153.95 19.0397 -98.2706
154.001 19.0397 -98.2706
154.05 19.0397 -98.2706
154.101 19.0397 -98.2706
154.15 19.0397 -98.2706
154.201 19.0397 -98.2706
154.25 19.0397 -98.2706
154.301 19.0397 -98.2706
154.351 19.0397 -98.2706
154.401 19.0397 -98.2706
154.451 19.0397 -98.2706
154.501 19.0397 -98.2706
154.55 19.0397 -98.2706
154.601 19.0397 -98.2706
154.651 19.0397 -98.2706
154.701 19.0396 -98.2706
154.751 19.0396 -98.2706
154.801 19.0396 -98.2706
154.851 19.0396 -98.2706
154.901 19.0396 -98.2705
154.951 19.0396 -98.2705
155.001 19.0396 -98.2705
155.051 19.0396 -98.2705
155.101 19.0396 -98.2705
155.151 19.0396 -98.2705
155.201 19.0396 -98.2705
155.251 19.0396 -98.2705
155.301 19.0396 -98.2705
155.351 19.0396 -98.2705
155.401 19.0396 -98.2705
155.451 19.0395 -98.2705
155.501 19.0395 -98.2705
155.551 19.0395 -98.2705
155.601 19.0395 -98.2705
155.651 19.0395 -98.2705
155.701 19.0395 -98.2705
155.751 19.0395 -98.2705
155.8 19.0395 -98.2705
155.851 19.0395 -98.2705
155.901 19.0395 -98.2705
155.951 19.0395 -98.2705
156.001 19.0395 -98.2705
156.051 19.0395 -98.2705
156.101 19.0395 -98.2705
156.151 19.0395 -98.2705
156.201 19.0394 -98.2705
156.251 19.0394 -98.2705
156.301 19.0394 -98.2705
156.351 19.0394 -98.2705
156.401 19.0394 -98.2705
156.451 19.0394 -98.2705
156.501 19.0394 -98.2705
156.551 19.0394 -98.2705
156.601 19.0394 -98.2705
156.651 19.0394 -98.2705
156.701 19.0394 -98.2705
156.751 19.0394 -98.2705
156.801 19.0394 -98.2705
156.851 19.0394 -98.2705
156.901 19.0394 -98.2705
156.951 19.0394 -98.2705
157 19.0393 -98.2705
157.05 19.0393 -98.2705
157.101 19.0393 -98.2705
157.151 19.0393 -98.2704
157.202 19.0393 -98.2704
157.251 19.0393 -98.2704
157.301 19.0393 -98.2704
157.351 19.0393 -98.2704
157.401 19.0393 -98.2704
157.45 19.0393 -98.2704
157.501 19.0393 -98.2704
157.551 19.0393 -98.2704
157.601 19.0393 -98.2704
157.65 19.0393 -98.2704
157.701 19.0393 -98.2704
157.75 19.0392 -98.2704
157.801 19.0392 -98.2704
157.85 19.0392 -98.2704
157.9 19.0392 -98.2704
157.95 19.0392 -98.2704
158.001 19.0392 -98.2704
158.05 19.0392 -98.2704
158.101 19.0392 -98.2704
158.151 19.0392 -98.2704
158.201 19.0392 -98.2704
158.25 19.0392 -98.2704
158.301 19.0392 -98.2704
158.35 19.0392 -98.2704
158.401 19.0392 -98.2704
158.45 19.0392 -98.2704
158.501 19.0391 -98.2704
158.55 19.0391 -98.2704
158.601 19.0391 -98.2704
158.65 19.0391 -98.2704
158.701 19.0391 -98.2704
158.75 19.0391 -98.2704
158.801 19.0391 -98.2704
158.85 19.0391 -98.2704
158.901 19.0391 -98.2704
158.951 19.0391 -98.2704
159.001 19.0391 -98.2704
159.05 19.0391 -98.2704
159.101 19.0391 -98.2704
159.15 19.0391 -98.2704
159.201 19.0391 -98.2704
159.25 19.039 -98.2704
159.301 19.039 -98.2704
159.35 19.039 -98.2704
159.401 19.039 -98.2704
159.45 19.039 -98.2704
159.501 19.039 -98.2704
159.55 19.039 -98.2703
159.601 19.039 -98.2703
159.65 19.039 -98.2703
159.701 19.039 -98.2703
159.75 19.039 -98.2703
159.801 19.039 -98.2703
159.85 19.039 -98.2703
159.901 19.039 -98.2703
159.95 19.039 -98.2703
160 19.039 -98.2703
160.05 19.0389 -98.2703
160.101 19.0389 -98.2703
160.15 19.0389 -98.2703
160.201 19.0389 -98.2703
160.25 19.0389 -98.2703
160.301 19.0389 -98.2703
160.35 19.0389 -98.2703
160.401 19.0389 -98.2703
160.45 19.0389 -98.2703
160.501 19.0389 -98.2703
160.55 19.0389 -98.2703
160.601 19.0389 -98.2703
160.65 19.0389 -98.2703
160.701 19.0389 -98.2703
160.75 19.0389 -98.2703
160.801 19.0388 -98.2703
160.85 19.0388 -98.2703
160.901 19.0388 -98.2703
160.95 19.0388 -98.2703
161.001 19.0388 -98.2703
161.051 19.0388 -98.2703
161.101 19.0388 -98.2703
161.15 19.0388 -98.2703
161.201 19.0388 -98.2703
161.25 19.0388 -98.2703
161.301 19.0388 -98.2703
161.35 19.0388 -98.2703
161.401 19.0388 -98.2703
161.45 19.0388 -98.2703
161.501 19.0388 -98.2703
161.55 19.0388 -98.2703
161.601 19.0387 -98.2703
161.65 19.0387 -98.2703
161.701 19.0387 -98.2703
161.75 19.0387 -98.2703
161.801 19.0387 -98.2703
161.85 19.0387 -98.2703
161.901 19.0387 -98.2703
161.95 19.0387 -98.2703
162.001 19.0387 -98.2702
162.05 19.0387 -98.2702
162.1 19.0387 -98.2702
162.15 19.0387 -98.2702
162.201 19.0387 -98.2702
162.25 19.0387 -98.2702
162.301 19.0387 -98.2702
162.35 19.0387 -98.2702
162.401 19.0386 -98.2702
162.45 19.0386 -98.2702
162.501 19.0386 -98.2702
162.55 19.0386 -98.2702
162.601 19.0386 -98.2702
162.65 19.0386 -98.2702
162.701 19.0386 -98.2702
162.75 19.0386 -98.2702
162.801 19.0386 -98.2702
162.85 19.0386 -98.2702
162.901 19.0386 -98.2702
162.95 19.0386 -98.2702
163.001 19.0386 -98.2702
163.05 19.0386 -98.2702
163.101 19.0386 -98.2702
163.151 19.0386 -98.2702
163.201 19.0385 -98.2702
163.25 19.0385 -98.2702
163.301 19.0385 -98.2702
163.35 19.0385 -98.2702
163.401 19.0385 -98.2702
163.45 19.0385 -98.2702
163.501 19.0385 -98.2702
163.55 19.0385 -98.2702
163.601 19.0385 -98.2702
163.65 19.0385 -98.2702
163.701 19.0385 -98.2702
163.75 19.0385 -98.2702
163.801 19.0385 -98.2702
163.85 19.0385 -98.2702
163.901 19.0385 -98.2702
163.95 19.0385 -98.2702
164.001 19.0385 -98.2702
164.05 19.0384 -98.2702
164.101 19.0384 -98.2702
164.15 19.0384 -98.2702
164.2 19.0384 -98.2702
164.25 19.0384 -98.2702
164.301 19.0384 -98.2702
164.35 19.0384 -98.2702
164.401 19.0384 -98.2702
164.45 19.0384 -98.2702
164.501 19.0384 -98.2702
164.55 19.0384 -98.2702
164.601 19.0384 -98.2702
164.65 19.0384 -98.2702
164.701 19.0384 -98.2702
164.75 19.0384 -98.2702
164.801 19.0384 -98.2702
164.85 19.0383 -98.2701
164.901 19.0383 -98.2701
164.95 19.0383 -98.2701
165.001 19.0383 -98.2701
165.05 19.0383 -98.2701
165.101 19.0383 -98.2701
165.15 19.0383 -98.2701
165.201 19.0383 -98.2701
165.252 19.0383 -98.2701
165.301 19.0383 -98.2701
165.35 19.0383 -98.2701
165.401 19.0383 -98.2701
165.45 19.0383 -98.2701
165.501 19.0383 -98.2701
165.55 19.0383 -98.2701
165.601 19.0383 -98.2701
165.65 19.0382 -98.2701
165.701 19.0382 -98.2701
165.75 19.0382 -98.2701
165.801 19.0382 -98.2701
165.85 19.0382 -98.2701
165.901 19.0382 -98.2701
165.95 19.0382 -98.2701
166.001 19.0382 -98.2701
166.05 19.0382 -98.2701
166.101 19.0382 -98.2701
166.15 19.0382 -98.2701
166.201 19.0382 -98.2701
166.25 19.0382 -98.2701
166.299 19.0382 -98.2701
166.35 19.0382 -98.2701
166.401 19.0382 -98.2701
166.45 19.0382 -98.2701
166.501 19.0381 -98.2701
166.55 19.0381 -98.2701
166.601 19.0381 -98.2701
166.65 19.0381 -98.2701
166.701 19.0381 -98.2701
166.75 19.0381 -98.2701
166.801 19.0381 -98.2701
166.85 19.0381 -98.2701
166.901 19.0381 -98.2701
166.95 19.0381 -98.2701
167.001 19.0381 -98.2701
167.05 19.0381 -98.2701
167.101 19.0381 -98.2701
167.15 19.0381 -98.2701
167.201 19.0381 -98.2701
167.25 19.0381 -98.2701
167.301 19.038 -98.2701
167.351 19.038 -98.2701
167.401 19.038 -98.2701
167.45 19.038 -98.2701
167.501 19.038 -98.2701
167.55 19.038 -98.2701
167.601 19.038 -98.2701
167.65 19.038 -98.2701
167.701 19.038 -98.2701
167.75 19.038 -98.2701
167.8 19.038 -98.2701
167.85 19.038 -98.2701
167.9 19.038 -98.2701
167.95 19.038 -98.2701
168.001 19.038 -98.2701
168.05 19.038 -98.2701
168.1 19.0379 -98.2701
168.15 19.0379 -98.2701
168.201 19.0379 -98.2701
168.25 19.0379 -98.2701
168.301 19.0379 -98.2701
168.351 19.0379 -98.2701
168.4 19.0379 -98.2701
168.45 19.0379 -98.2701
168.5 19.0379 -98.2701
168.55 19.0379 -98.2701
168.6 19.0379 -98.2701
168.65 19.0379 -98.2701
168.701 19.0379 -98.2701
168.75 19.0379 -98.2701
168.8 19.0379 -98.2701
168.85 19.0379 -98.2701
168.9 19.0379 -98.2701
168.95 19.0378 -98.2701
169 19.0378 -98.2701
169.05 19.0378 -98.2701
169.1 19.0378 -98.2701
169.15 19.0378 -98.2701
169.201 19.0378 -98.2701
169.25 19.0378 -98.2701
169.3 19.0378 -98.2701
169.351 19.0378 -98.2701
169.4 19.0378 -98.2701
169.45 19.0378 -98.2701
169.5 19.0378 -98.2701
169.55 19.0378 -98.2701
169.6 19.0378 -98.2701
169.65 19.0378 -98.2701
169.701 19.0378 -98.2701
169.75 19.0378 -98.2701
169.8 19.0377 -98.2701
169.85 19.0377 -98.2701
169.9 19.0377 -98.2701
169.95 19.0377 -98.2701
170 19.0377 -98.2701
170.05 19.0377 -98.2701
170.1 19.0377 -98.2701
170.15 19.0377 -98.2701
170.201 19.0377 -98.2701
170.25 19.0377 -98.2701
170.3 19.0377 -98.2701
170.35 19.0377 -98.2701
170.4 19.0377 -98.2701
170.45 19.0377 -98.2701
170.5 19.0377 -98.2701
170.55 19.0377 -98.2701
170.6 19.0376 -98.2701
170.65 19.0376 -98.2701
170.701 19.0376 -98.2701
170.75 19.0376 -98.2701
170.8 19.0376 -98.2701
170.85 19.0376 -98.2701
170.9 19.0376 -98.2701
170.95 19.0376 -98.2701
171 19.0376 -98.2701
171.05 19.0376 -98.2701
171.1 19.0376 -98.2701
171.15 19.0376 -98.2701
171.201 19.0376 -98.2701
171.25 19.0376 -98.2701
171.3 19.0376 -98.2701
171.35 19.0376 -98.2701
171.4 19.0376 -98.2701
171.451 19.0375 -98.2701
171.5 19.0375 -98.2701
171.55 19.0375 -98.2701
171.6 19.0375 -98.2701
171.65 19.0375 -98.2701
171.701 19.0375 -98.2701
171.75 19.0375 -98.2701
171.8 19.0375 -98.2701
171.85 19.0375 -98.2701
171.9 19.0375 -98.2701
171.95 19.0375 -98.2701
172 19.0375 -98.2701
172.05 19.0375 -98.2701
172.1 19.0375 -98.2701
172.15 19.0375 -98.2701
172.201 19.0375 -98.2701
172.25 19.0374 -98.2701
172.3 19.0374 -98.2701
172.35 19.0374 -98.2701
172.4 19.0374 -98.2701
172.45 19.0374 -98.2701
172.5 19.0374 -98.2701
172.551 19.0374 -98.2701
172.6 19.0374 -98.2701
172.651 19.0374 -98.2701
172.701 19.0374 -98.2701
172.751 19.0374 -98.2701
172.8 19.0374 -98.2701
172.851 19.0374 -98.2701
172.9 19.0374 -98.2701
172.951 19.0374 -98.2701
173 19.0374 -98.2701
173.051 19.0373 -98.2701
173.1 19.0373 -98.2701
173.151 19.0373 -98.2701
173.201 19.0373 -98.2701
173.251 19.0373 -98.2701
173.3 19.0373 -98.2701
173.351 19.0373 -98.2701
173.4 19.0373 -98.2701
173.45 19.0373 -98.2701
173.5 19.0373 -98.2701
173.551 19.0373 -98.2701
173.6 19.0373 -98.2701
173.651 19.0373 -98.2701
173.701 19.0373 -98.2701
173.751 19.0373 -98.2701
173.8 19.0373 -98.2701
173.851 19.0372 -98.2701
173.9 19.0372 -98.2701
173.951 19.0372 -98.2701
174 19.0372 -98.2701
174.051 19.0372 -98.2702
174.1 19.0372 -98.2702
174.151 19.0372 -98.2702
174.201 19.0372 -98.2702
174.251 19.0372 -98.2702
174.3 19.0372 -98.2702
174.351 19.0372 -98.2702
174.4 19.0372 -98.2702
174.451 19.0372 -98.2702
174.501 19.0372 -98.2702
174.551 19.0372 -98.2702
174.6 19.0372 -98.2702
174.651 19.0371 -98.2702
174.701 19.0371 -98.2702
174.751 19.0371 -98.2702
174.8 19.0371 -98.2702
174.851 19.0371 -98.2702
174.9 19.0371 -98.2702
174.951 19.0371 -98.2702
175 19.0371 -98.2702
175.05 19.0371 -98.2702
175.1 19.0371 -98.2702
175.15 19.0371 -98.2702
175.201 19.0371 -98.2702
175.25 19.0371 -98.2702
175.3 19.0371 -98.2702
175.351 19.0371 -98.2702
175.4 19.0371 -98.2702
175.451 19.037 -98.2702
175.5 19.037 -98.2702
175.55 19.037 -98.2702
175.6 19.037 -98.2702
175.65 19.037 -98.2702
175.701 19.037 -98.2702
175.75 19.037 -98.2702
175.8 19.037 -98.2702
175.85 19.037 -98.2702
175.9 19.037 -98.2702
175.95 19.037 -98.2702
176 19.037 -98.2702
176.05 19.037 -98.2702
176.1 19.037 -98.2702
176.15 19.037 -98.2702
176.2 19.037 -98.2702
176.25 19.0369 -98.2702
176.3 19.0369 -98.2702
176.35 19.0369 -98.2702
176.4 19.0369 -98.2702
176.45 19.0369 -98.2702
176.5 19.0369 -98.2702
176.55 19.0369 -98.2702
176.601 19.0369 -98.2702
176.65 19.0369 -98.2702
176.7 19.0369 -98.2702
176.75 19.0369 -98.2702
176.8 19.0369 -98.2702
176.85 19.0369 -98.2702
176.9 19.0369 -98.2702
176.95 19.0369 -98.2702
177 19.0368 -98.2702
177.05 19.0368 -98.2702
177.1 19.0368 -98.2702
177.15 19.0368 -98.2702
177.2 19.0368 -98.2702
177.25 19.0368 -98.2702
177.3 19.0368 -98.2702
177.35 19.0368 -98.2702
177.4 19.0368 -98.2702
177.45 19.0368 -98.2702
177.5 19.0368 -98.2702
177.55 19.0368 -98.2702
177.6 19.0368 -98.2702
177.65 19.0368 -98.2702
177.7 19.0368 -98.2702
177.75 19.0368 -98.2702
177.8 19.0367 -98.2702
177.85 19.0367 -98.2702
177.9 19.0367 -98.2702
177.95 19.0367 -98.2702
178 19.0367 -98.2702
178.05 19.0367 -98.2702
178.1 19.0367 -98.2702
178.15 19.0367 -98.2702
178.2 19.0367 -98.2702
178.25 19.0367 -98.2702
178.3 19.0367 -98.2702
178.35 19.0367 -98.2702
178.4 19.0367 -98.2702
178.45 19.0367 -98.2702
178.5 19.0367 -98.2702
178.55 19.0367 -98.2703
178.6 19.0366 -98.2703
178.65 19.0366 -98.2703
178.701 19.0366 -98.2703
178.75 19.0366 -98.2703
178.8 19.0366 -98.2703
178.85 19.0366 -98.2703
178.9 19.0366 -98.2703
178.95 19.0366 -98.2703
179 19.0366 -98.2703
179.05 19.0366 -98.2703
179.1 19.0366 -98.2703
179.15 19.0366 -98.2703
179.2 19.0366 -98.2703
179.25 19.0366 -98.2703
179.3 19.0366 -98.2703
179.35 19.0365 -98.2703
179.4 19.0365 -98.2703
179.45 19.0365 -98.2703
179.5 19.0365 -98.2703
179.55 19.0365 -98.2703
179.6 19.0365 -98.2703
179.65 19.0365 -98.2703
179.7 19.0365 -98.2703
179.75 19.0365 -98.2703
179.8 19.0365 -98.2703
179.85 19.0365 -98.2703
179.9 19.0365 -98.2703
179.95 19.0365 -98.2703
180 19.0365 -98.2703
180.05 19.0365 -98.2703
180.1 19.0365 -98.2703
180.15 19.0364 -98.2703
180.2 19.0364 -98.2703
180.25 19.0364 -98.2703
180.3 19.0364 -98.2703
180.35 19.0364 -98.2703
180.4 19.0364 -98.2703
180.45 19.0364 -98.2703
180.5 19.0364 -98.2703
180.55 19.0364 -98.2703
180.6 19.0364 -98.2703
180.65 19.0364 -98.2703
180.7 19.0364 -98.2703
180.75 19.0364 -98.2703
180.8 19.0364 -98.2703
180.85 19.0364 -98.2703
180.9 19.0364 -98.2703
180.95 19.0363 -98.2703
181 19.0363 -98.2703
181.05 19.0363 -98.2703
181.1 19.0363 -98.2703
181.15 19.0363 -98.2703
181.2 19.0363 -98.2703
181.25 19.0363 -98.2703
181.3 19.0363 -98.2703
181.35 19.0363 -98.2703
181.4 19.0363 -98.2703
181.45 19.0363 -98.2703
181.5 19.0363 -98.2703
181.55 19.0363 -98.2703
181.6 19.0363 -98.2703
181.65 19.0363 -98.2703
181.7 19.0363 -98.2703
181.75 19.0362 -98.2703
181.8 19.0362 -98.2703
181.85 19.0362 -98.2703
181.9 19.0362 -98.2703
181.95 19.0362 -98.2703
182 19.0362 -98.2703
182.05 19.0362 -98.2703
182.1 19.0362 -98.2703
182.15 19.0362 -98.2703
182.2 19.0362 -98.2703
182.25 19.0362 -98.2703
182.3 19.0362 -98.2703
182.35 19.0362 -98.2703
182.4 19.0362 -98.2703
182.45 19.0362 -98.2703
182.5 19.0362 -98.2703
182.55 19.0361 -98.2703
182.6 19.0361 -98.2703
182.65 19.0361 -98.2703
182.7 19.0361 -98.2703
182.75 19.0361 -98.2703
182.8 19.0361 -98.2703
182.85 19.0361 -98.2703
182.9 19.0361 -98.2703
182.95 19.0361 -98.2703
