24.6194 98.3185 19.0292 0 0 0 0 -0.470803
25.4378 98.3185 19.0292 0 0 0 0 -0.37031
26.4608 98.3185 19.0292 0 0 0 0 -0.394212
27.4839 98.3185 19.0292 0 0 0 0 -0.318673
28.5069 98.3185 19.0292 0 0 0 0 -0.406719
29.5299 98.3185 19.0292 0 0 0 0 -0.402557
30.553 98.3185 19.0292 0 0 0 0 -0.406175
31.576 98.3185 19.0292 0 0 0 0 -0.399124
32.599 98.3185 19.0292 0 0 0 0 -0.3996
33.6221 98.3185 19.0292 0 0 0 0 -0.401629
34.645 98.3185 19.0292 0 0 0 0 -0.373956
35.6681 98.3185 19.0292 0 0 0 0 -0.402042
36.6911 98.3185 19.0292 0 0 0 0 -0.417079
37.7142 98.3185 19.0292 0 0 0 0 -0.404916
38.7371 98.3185 19.0292 0 0 0 0 -0.389684
39.7602 98.3185 19.0292 0 0 0 0 -0.416795
40.7833 98.3185 19.0292 0 0 0 0 -0.408754
41.8063 98.3185 19.0292 0 0 0 0 -0.40359
42.8293 98.3185 19.0292 0 0 0 0 -0.383025
43.8523 98.3185 19.0292 0 0 0 0 -0.432587
44.8754 98.3185 19.0292 0 0 0 0 -0.415417
45.8983 98.3185 19.0292 0 0 0 0 -0.399027
46.9214 98.3185 19.0292 0 0 0 0 -0.400202
47.9444 98.3185 19.0292 0 0 0 0 -0.455272
48.9675 98.3185 19.0292 0 0 0 0 -0.429471
49.9905 98.3185 19.0292 0 0 0 0 -0.415631
51.0136 98.3185 19.0292 0 0 0 0 -0.405207
52.0365 98.3185 19.0292 0 0 0 0 -0.444998
53.0596 98.3185 19.0292 0 0 0 0 -0.415703
54.0827 98.3185 19.0292 0 0 0 0 -0.422957
55.1057 98.3185 19.0292 0 0 0 0 -0.455031
56.1287 98.3185 19.0292 0 0 0 0 -0.412662
57.1517 98.3185 19.0292 0 0 0 0 -0.413008
58.1748 98.3185 19.0292 0 0 0 0 -0.412262
59.1978 98.3185 19.0292 0 0 0 0 -0.390449
60.2208 98.3185 19.0292 0 0 0 0 -0.419634
61.2439 98.3185 19.0292 0 0 0 0 -0.441881
62.2668 98.3185 19.0292 0 0 0 0 -0.439673
63.2899 98.3185 19.0292 0 0 0 0 -0.417767
64.3129 98.3185 19.0292 0 0 0 0 -0.430774
65.336 98.3185 19.0292 0 0 0 0 -0.421992
66.3591 98.3185 19.0292 0 0 0 0 -0.404147
67.3821 98.3185 19.0292 0 0 0 0 -0.411689
68.4051 98.3185 19.0292 0 0 0 0 -0.402716
69.4281 98.3185 19.0292 0 0 0 0 -0.428074
70.4512 98.3185 19.0292 0 0 0 0 -0.419427
71.4744 98.3185 19.0292 0 0 0 0 -0.486628
72.2245 98.3185 19.0292 0 0 0 0 -0.456157
73.2475 98.3185 19.0292 0 0 0 0 -0.43273
74.2705 98.3185 19.0292 0 0 0 0 -0.412187
75.2936 98.3185 19.0292 0 0 0 0 -0.427871
76.3166 98.3185 19.0292 0 0 0 0 -0.441982
77.3397 98.3185 19.0292 0 0 0 0 -0.411256
78.3627 98.3185 19.0292 0 0 0 0 -0.42348
79.3857 98.3185 19.0292 0 0 0 0 -0.474716
80.4087 98.3185 19.0292 0 0 0 0 -0.450463
81.4318 98.3185 19.0292 0 0 0 0 -0.444347
82.4548 98.3185 19.0292 0 0 0 0 -0.417929
83.4778 98.3185 19.0292 0 0 0 0 -0.418754
84.5008 98.3185 19.0292 0 0 0 0 -0.446723
85.5239 98.3185 19.0292 0 0 0 0 -0.388849
86.547 98.3185 19.0292 0 0 0 0 -0.428535
87.5699 98.3185 19.0292 0 0 0 0 -0.442072
88.593 98.3185 19.0292 0 0 0 0 -0.415289
89.616 98.3185 19.0292 0 0 0 0 -0.359944
90.6391 98.3185 19.0292 0 0 0 0 -0.391098
91.6621 98.3185 19.0292 0 0 0 0 -0.441227
92.6851 98.3185 19.0292 0 0 0 0 -0.417166
93.7081 98.3185 19.0292 0 0 0 0 -0.421646
94.7311 98.3185 19.0292 0 0 0 0 -0.424667
95.7542 98.3185 19.0292 0 0 0 0 -0.425714
96.7772 98.3185 19.0292 0 0 0 0 -0.428086
97.8002 98.3185 19.0292 0 0 0 0 -0.404428
98.8232 98.3185 19.0292 0 0 0 0 -0.428444
99.8463 98.3185 19.0292 0 0 0 0 -0.426814
100.869 98.3185 19.0292 0 0 0 0 -0.428169
101.892 98.3185 19.0292 0 0 0 0 -0.41863
102.915 98.3185 19.0292 0 0 0 0 -0.444011
103.938 98.3185 19.0292 0 0 0 0 -0.402324
104.961 98.3185 19.0292 0 0 0 0 -0.427649
105.984 98.3185 19.0292 0 0 0 0 -0.412208
107.007 98.3185 19.0292 0 0 0 0 -0.420634
108.031 98.3185 19.0292 0 0 0 0 -0.393428
109.054 98.3185 19.0292 0 0 0 0 -0.430811
110.077 98.3185 19.0292 0 0 0 0 -0.418955
111.1 98.3185 19.0292 0 0 0 0 -0.391445
112.123 98.3185 19.0292 0 0 0 0 -0.464047
113.146 98.3185 19.0292 0 0 0 0 -0.408602
114.169 98.3185 19.0292 0 0 0 0 -0.418213
115.192 98.3185 19.0292 0 0 0 0 -0.428946
116.215 98.3185 19.0292 0 0 0 0 -0.432915
117.238 98.3185 19.0292 0 0 0 0 -0.410047
118.261 98.3185 19.0292 0 0 0 0 -0.418123
119.284 98.3185 19.0292 0 0 0 0 -0.443919
120.307 98.3185 19.0292 0 0 0 0 -0.43423
121.33 98.3185 19.0292 0 0 0 0 -0.420984
122.353 98.3185 19.0292 0 0 0 0 -0.429313
123.376 98.3185 19.0292 0 0 0 0 -0.402569
124.399 98.3185 19.0292 0 0 0 0 -0.438302
125.422 98.3185 19.0292 0 0 0 0 -0.431788
126.445 98.3185 19.0292 0 0 0 0 -0.439615
127.468 98.3185 19.0292 0 0 0 0 -0.430947
128.491 98.3185 19.0292 0 0 0 0 -0.432733
129.514 98.3185 19.0292 0 0 0 0 -0.418183
130.537 98.3185 19.0292 0 0 0 0 -0.414944
131.56 98.3185 19.0292 0 0 0 0 -0.395318
132.583 98.3185 19.0292 0 0 0 0 -0.409108
133.606 98.3185 19.0292 0 0 0 0 -0.431325
134.629 98.3185 19.0292 0 0 0 0 -0.431949
135.652 98.3185 19.0292 0 0 0 0 -0.428949
136.675 98.3186 19.0291 1.1112 0.273713 -0.00202703 0.27372 -0.424307
137.698 98.3186 19.0291 1.4816 0.666682 -0.00499586 0.39298 -0.432853
138.79 98.3186 19.0291 0.5556 0.81405 -0.00620247 0.147373 -0.469114
139.813 98.3186 19.0291 0.3704 0.912294 -0.00691834 0.0982459 -0.417488
140.836 98.3186 19.0291 1.4816 1.30525 -0.0100388 0.392971 -0.454966
141.859 98.3186 19.0291 0.925999 1.55087 -0.011928 0.245621 -0.440711
142.882 98.3186 19.0291 1.2964 1.89471 -0.0145499 0.343858 -0.43687
143.905 98.3186 19.0291 0.925999 2.14034 -0.0165402 0.245638 -0.464248
144.928 98.3186 19.0291 0.925999 2.38597 -0.0183426 0.245631 -0.420443
145.951 98.3186 19.0291 1.1112 2.6807 -0.0203202 0.29474 -0.384441
146.974 98.3186 19.0291 0.925999 2.92631 -0.0220788 0.245618 -0.410233
147.997 98.3186 19.0291 0.3704 3.02456 -0.0227958 0.0982452 -0.418153
149.02 98.3186 19.0291 0.3704 3.12281 -0.023527 0.0982563 -0.42636
150.043 98.3186 19.0291 0.5556 3.27019 -0.0246192 0.147388 -0.424587
151.066 98.3186 19.0291 0.1852 3.31932 -0.0249914 0.0491262 -0.434152
152.089 98.3186 19.0291 0.3704 3.41757 -0.0257293 0.0982525 -0.430299
153.112 98.3186 19.0292 0.740799 3.60003 -0.0271868 0.182468 -0.457683
154.135 98.3186 19.0292 0.3704 3.69828 -0.0280352 0.0982505 -0.494752
155.158 98.3186 19.0292 3.3336 4.58253 -0.0355797 0.884288 -0.488837
156.181 98.3186 19.0291 8.70439 6.89129 -0.048524 2.30879 -0.32123
157.204 98.3185 19.0291 13.89 10.5754 -0.000419242 3.68442 0.74809
158.227 98.3185 19.0291 19.2608 15.6768 0.276412 5.10892 3.10614
159.25 98.3184 19.0291 24.4464 22.1409 0.793133 6.48467 4.57038
160.273 98.3184 19.0291 25.7428 28.4772 1.02506 6.34057 2.0962
161.296 98.3183 19.029 26.854 35.5994 0.927433 7.12288 -0.785289
162.319 98.3183 19.029 29.8172 43.5035 0.65198 7.90887 -1.99592
163.342 98.3182 19.029 33.5212 52.39 0.329598 8.89237 -2.07765
164.365 98.3181 19.0289 34.0768 60.7778 0.0176799 8.39366 -2.12967
165.388 98.318 19.0289 35.3732 70.1566 -0.288047 9.38376 -1.86705
166.411 98.3179 19.0288 37.7808 79.4595 -0.544548 9.30641 -1.57937
167.435 98.3179 19.0288 38.7068 89.7237 -0.817192 10.2678 -1.52157
168.458 98.3178 19.0287 40.0032 99.5712 -1.15563 9.85337 -1.96832
169.481 98.3177 19.0287 41.1144 110.471 -1.52766 10.9062 -1.95485
170.504 98.3176 19.0286 42.2256 121.666 -1.89084 11.2008 -1.85813
171.527 98.3175 19.0286 42.7812 132.198 -2.24651 10.5382 -1.93415
172.55 98.3174 19.0285 43.1516 143.637 -2.67329 11.4464 -2.13676
173.641 98.3173 19.0284 43.7072 155.219 -3.1466 11.5921 -2.34005
174.664 98.3172 19.0284 45.5592 167.291 -3.63794 12.0824 -2.33064
175.619 98.3171 19.0283 47.0408 178.869 -4.09807 11.5867 -2.27589
176.642 98.317 19.0282 46.4852 191.19 -4.57173 12.3299 -2.20162
177.733 98.3169 19.0282 45.0036 203.118 -5.04083 11.9375 -2.25208
178.756 98.3168 19.0281 41.4848 214.111 -5.47197 11.0013 -2.24599
179.779 98.3167 19.0281 34.262 223.19 -5.86602 9.08784 -2.4851
180.802 98.3166 19.028 23.3352 229.375 -6.09211 6.18922 -2.09351
181.825 98.3166 19.028 15.3716 233.45 -6.22865 4.07734 -1.91901
182.848 98.3166 19.028 7.40799 235.414 -6.29375 1.96456 -1.89891
183.871 98.3166 19.028 4.8152 236.69 -6.3403 1.27718 -2.08914
184.826 98.3166 19.028 3.8892 237.647 -6.37554 0.957958 -2.1079
185.849 98.3166 19.028 4.4448 238.826 -6.41819 1.17911 -2.07295
186.94 98.3165 19.028 8.33399 241.035 -6.49641 2.21042 -2.02782
187.963 98.3165 19.0279 14.816 244.961 -6.6541 3.92972 -2.29983
188.986 98.3165 19.0279 21.8536 250.753 -6.90742 5.79671 -2.50463
190.009 98.3164 19.0279 25.5576 257.513 -7.41249 6.77974 -4.27237
191.032 98.3164 19.0278 25.928 264.337 -8.26295 6.87684 -7.10393
192.055 98.3163 19.0278 27.0392 271.401 -9.5048 7.17186 -9.97135
193.078 98.3163 19.0277 25.928 278.11 -11.0154 6.87714 -12.6884
194.101 98.3162 19.0277 22.0388 283.746 -12.5678 5.84528 -15.4022
195.124 98.3162 19.0277 12.964 287.022 -13.6106 3.43836 -17.6541
196.147 98.3162 19.0276 7.59319 288.933 -14.2463 2.01392 -18.4008
197.17 98.3162 19.0276 5.92639 290.427 -14.7335 1.57193 -18.0566
198.125 98.3162 19.0276 5.7412 291.773 -15.1685 1.41417 -17.9149
199.148 98.3162 19.0276 9.25999 294.111 -15.9221 2.45651 -17.8657
200.24 98.3162 19.0276 15.3716 298.01 -17.1144 4.07696 -17.0046
201.263 98.3161 19.0275 21.4832 303.477 -18.72 5.69835 -16.3653
202.286 98.3161 19.0275 25.7428 310.026 -20.6534 6.82798 -16.4486
203.309 98.316 19.0275 27.2244 316.955 -22.6849 7.2208 -16.3406
204.332 98.316 19.0274 31.2988 324.921 -25.0188 8.30073 -16.3299
205.355 98.3159 19.0273 34.8176 333.784 -27.6144 9.23521 -16.3229
206.378 98.3158 19.0273 38.892 343.679 -30.5241 10.3146 -16.3854
207.401 98.3158 19.0272 41.67 354.301 -33.5788 11.0517 -16.0453
208.424 98.3157 19.0271 44.6332 365.766 -36.5234 11.8377 -14.4038
209.447 98.3156 19.027 44.6332 377.295 -39.213 11.8379 -13.1322
210.402 98.3155 19.027 45.7444 388.313 -41.5677 11.2671 -12.063
211.425 98.3154 19.0269 47.5964 400.695 -44.0422 12.6269 -11.3015
212.516 98.3153 19.0268 48.152 413.259 -46.3294 12.7708 -10.3174
213.539 98.3152 19.0267 45.7444 425.244 -48.2223 12.1331 -8.975
214.562 98.3151 19.0267 39.818 435.682 -49.8244 10.5606 -8.72576
215.585 98.3151 19.0266 32.41 444.175 -51.1564 8.59631 -8.91398
216.608 98.315 19.0266 26.6688 451.161 -52.263 7.07365 -9.00027
217.631 98.3149 19.0265 18.3348 455.968 -52.9988 4.86289 -8.70344
218.654 98.3149 19.0265 9.07479 458.347 -53.3686 2.40724 -8.837
219.677 98.3149 19.0265 5.92639 459.899 -53.6162 1.57194 -9.06329
220.7 98.3149 19.0265 3.8892 460.918 -53.78 1.0316 -9.13257
221.723 98.3149 19.0265 4.4448 462.082 -53.9646 1.17899 -9.00739
222.746 98.3149 19.0265 7.22279 463.975 -54.2613 1.91566 -8.91145
223.769 98.3149 19.0265 11.4824 466.982 -54.7377 3.04537 -9.00044
224.724 98.3148 19.0265 17.4088 471.218 -55.4097 4.28814 -9.01525
225.747 98.3148 19.0264 21.8536 476.945 -56.3037 5.79669 -8.87188
226.77 98.3147 19.0264 23.8908 482.759 -57.2107 5.88472 -8.86651
227.793 98.3147 19.0264 24.4464 489.167 -58.2059 6.4848 -8.82811
228.816 98.3146 19.0263 26.4836 495.614 -59.2047 6.52388 -8.80627
229.839 98.3146 19.0263 28.3356 503.042 -60.3585 7.51685 -8.82992
230.931 98.3145 19.0262 26.2984 509.935 -61.4293 6.97548 -8.83006
231.954 98.3145 19.0262 18.7052 514.838 -62.1876 4.96129 -8.7914
232.908 98.3144 19.0262 10.3712 517.363 -62.5753 2.55458 -8.73053
233.932 98.3144 19.0262 6.29679 519.013 -62.8323 1.67048 -8.8476
235.023 98.3144 19.0262 4.2596 520.129 -63.0107 1.12978 -9.08885
236.046 98.3144 19.0261 4.0744 521.196 -63.1814 1.08067 -9.08768
237.069 98.3144 19.0261 5.1856 522.555 -63.3952 1.37555 -8.93975
238.092 98.3144 19.0261 9.07479 524.933 -63.7666 2.40694 -8.87706
239.115 98.3144 19.0261 14.816 528.814 -64.3821 3.92989 -9.01064
240.138 98.3143 19.0261 19.8164 534.007 -65.1959 5.25618 -8.90714
241.161 98.3143 19.0261 24.2612 540.363 -66.2067 6.43533 -9.03659
242.184 98.3142 19.026 25.928 547.157 -67.2728 6.8771 -8.91846
243.207 98.3142 19.026 27.4096 554.339 -68.4034 7.27044 -8.94585
244.23 98.3141 19.0259 31.484 562.588 -69.6986 8.35035 -8.92308
245.253 98.314 19.0259 35.3732 571.856 -71.1613 9.3824 -8.96862
246.276 98.3139 19.0258 39.0772 582.092 -72.7843 10.3638 -9.01015
247.299 98.3139 19.0258 42.596 593.246 -74.582 11.2981 -9.15529
248.322 98.3138 19.0257 44.2628 604.837 -76.4387 11.7393 -9.09998
249.345 98.3137 19.0256 44.448 616.48 -78.287 11.7889 -9.02068
250.368 98.3136 19.0256 47.226 628.859 -80.2096 12.5268 -8.82831
251.391 98.3135 19.0255 50.1892 642.009 -82.2788 13.3122 -8.94223
252.414 98.3134 19.0254 51.856 655.602 -84.3833 13.7543 -8.80109
253.437 98.3133 19.0253 52.0412 669.237 -86.5223 13.8024 -8.91518
254.46 98.3131 19.0253 51.4856 682.729 -88.6299 13.6552 -8.87889
255.483 98.313 19.0252 51.6708 696.267 -90.7709 13.7062 -8.98668
256.506 98.3129 19.0251 51.4856 709.749 -92.9393 13.6557 -9.13683
257.529 98.3128 19.025 51.6708 723.283 -95.0973 13.7052 -9.05947
258.552 98.3127 19.0249 51.3004 736.721 -97.2435 13.6079 -9.07438
259.575 98.3126 19.0249 50.1892 749.873 -99.2977 13.3119 -8.87706
260.598 98.3125 19.0248 50.004 762.982 -101.316 13.2634 -8.75266
261.621 98.3124 19.0247 49.4484 775.945 -103.323 13.1169 -8.80163
262.644 98.3123 19.0246 48.7076 788.707 -105.331 12.919 -8.94192
263.667 98.3122 19.0246 48.152 801.321 -107.328 12.7712 -8.99677
264.691 98.3121 19.0245 47.5964 813.79 -109.318 12.6265 -9.06772
265.714 98.312 19.0244 46.8556 826.063 -111.271 12.4275 -9.04273
266.737 98.3119 19.0243 45.7444 838.043 -113.199 12.1339 -9.14009
267.76 98.3118 19.0243 41.8552 849.004 -114.954 11.1006 -9.09547
268.783 98.3117 19.0242 32.7804 857.589 -116.326 8.69453 -9.07815
269.806 98.3117 19.0242 21.8536 863.316 -117.214 5.79568 -8.82092
270.829 98.3116 19.0242 12.7788 866.668 -117.72 3.38972 -8.58122
271.852 98.3116 19.0241 7.77839 868.698 -118.087 2.06306 -10.2399
272.875 98.3116 19.0241 5.1856 870.053 -118.327 1.37541 -10.0633
273.898 98.3116 19.0241 2.0372 870.585 -118.421 0.540302 -10.024
274.921 98.3116 19.0241 5.1856 871.939 -118.659 1.37541 -9.96752
275.944 98.3116 19.0241 9.81559 874.503 -119.11 2.60324 -9.96467
276.899 98.3115 19.0241 13.7048 877.827 -119.699 3.37561 -10.0542
277.922 98.3115 19.0241 19.446 882.9 -120.633 5.15828 -10.4278
279.013 98.3115 19.024 24.8168 889.373 -121.829 6.58279 -10.4715
280.036 98.3114 19.024 25.5576 896.045 -123.034 6.77935 -10.2395
281.059 98.3114 19.024 26.6688 903.006 -124.292 7.07392 -10.242
282.082 98.3113 19.0239 30.1876 910.883 -125.729 8.00703 -10.3364
283.105 98.3112 19.0239 33.336 919.584 -127.302 8.84213 -10.2502
284.128 98.3111 19.0238 35.7436 928.916 -128.978 9.48086 -10.184
285.151 98.3111 19.0238 38.3364 938.929 -130.746 10.1687 -10.0082
286.174 98.311 19.0237 40.3736 949.49 -132.527 10.7094 -9.57374
287.197 98.3109 19.0237 41.8552 960.439 -134.36 11.1019 -9.50349
288.22 98.3108 19.0236 40.5588 971.044 -136.165 10.7571 -9.65914
289.243 98.3107 19.0235 41.67 981.946 -137.987 11.0532 -9.48876
290.198 98.3106 19.0235 43.8924 992.61 -139.769 10.812 -9.48973
291.221 98.3105 19.0234 46.1148 1004.68 -141.749 12.2325 -9.31441
292.244 98.3104 19.0234 48.152 1016.4 -143.604 11.8615 -8.99821
293.267 98.3103 19.0233 48.7076 1029.16 -145.63 12.9195 -9.02101
294.29 98.3102 19.0232 48.5224 1040.95 -147.574 11.9527 -9.36095
295.313 98.3101 19.0232 48.7076 1053.69 -149.72 12.9204 -9.55776
296.404 98.31 19.0231 49.2632 1066.58 -151.849 13.0664 -9.37985
297.427 98.3099 19.023 48.152 1079.18 -153.935 12.7717 -9.40062
298.451 98.3098 19.023 45.9296 1091.2 -155.938 12.1832 -9.46181
299.473 98.3097 19.0229 41.1144 1101.96 -157.723 10.9027 -9.4247
300.497 98.3096 19.0229 35.0028 1111.11 -159.273 9.28453 -9.60425
301.52 98.3095 19.0228 29.8172 1118.91 -160.594 7.90851 -9.61683
302.543 98.3094 19.0228 25.5576 1125.59 -161.724 6.77846 -9.59465
303.566 98.3094 19.0228 22.224 1131.4 -162.699 5.89429 -9.52171
304.589 98.3093 19.0228 17.0384 1135.86 -163.443 4.51952 -9.48331
305.612 98.3093 19.0227 13.1492 1139.3 -164.017 3.48729 -9.47291
306.635 98.3093 19.0227 10.5564 1142.07 -164.415 2.79953 -8.17889
307.658 98.3092 19.0227 6.11159 1143.67 -164.137 1.62111 9.88737
308.681 98.3092 19.0227 5.92639 1144.92 -163.179 1.57183 37.535
309.704 98.3092 19.0228 6.66719 1145.73 -161.612 1.76828 62.4455
310.727 98.3092 19.0228 8.51919 1145.87 -159.356 2.25965 86.6603
311.75 98.3093 19.0228 12.4084 1144.58 -156.328 3.29088 113.071
312.773 98.3093 19.0228 19.8164 1140.12 -153.544 5.25621 148.018
313.796 98.3093 19.0228 25.7428 1133.4 -152.334 6.82806 169.792
314.819 98.3094 19.0229 31.1136 1125.3 -150.769 8.25211 169.068
315.842 98.3095 19.0229 36.4844 1115.99 -148.129 9.67652 164.166
316.865 98.3096 19.023 40.5588 1105.76 -144.802 10.7584 161.989
317.888 98.3097 19.023 43.8924 1094.78 -140.906 11.6434 160.45
318.911 98.3098 19.0231 44.2628 1083.73 -136.952 11.7405 160.321
319.934 98.3099 19.0231 46.8556 1072.02 -132.779 12.428 160.38
320.957 98.31 19.0232 48.8928 1059.8 -128.435 12.969 160.427
321.98 98.3101 19.0232 48.5224 1047.66 -124.157 12.8708 160.591
323.003 98.3102 19.0233 48.7076 1035.47 -119.873 12.9192 160.632
324.026 98.3103 19.0234 50.5596 1022.83 -115.399 13.4105 160.509
324.981 98.3105 19.0234 52.4116 1010.67 -111.068 12.9101 160.402
326.004 98.3106 19.0235 52.782 997.498 -106.319 14.0024 160.175
327.095 98.3107 19.0236 52.0412 984.518 -101.623 13.8037 160.111
328.118 98.3108 19.0237 52.0412 971.544 -96.9096 13.8033 160.032
329.141 98.3109 19.0237 50.3744 959.039 -92.1987 13.3628 159.357
330.164 98.311 19.0238 46.6704 947.547 -87.5975 12.3792 158.181
331.187 98.3111 19.0239 42.4108 937.167 -83.2613 11.2489 157.326
332.211 98.3112 19.0239 39.0772 927.616 -79.2323 10.3662 157.128
333.233 98.3113 19.024 36.2992 918.743 -75.4945 9.62824 157.157
334.256 98.3114 19.024 32.7804 910.708 -72.1718 8.69478 157.534
335.28 98.3114 19.0241 29.4468 903.474 -69.2272 7.81069 157.852
336.303 98.3115 19.0241 25.002 897.333 -66.7229 6.63177 157.813
337.326 98.3115 19.0242 18.52 892.784 -64.8693 4.91216 157.831
338.349 98.3116 19.0242 9.81559 890.374 -63.8846 2.60366 157.777
339.372 98.3116 19.0242 5.1856 889.103 -63.3579 1.37541 157.486
340.395 98.3116 19.0242 4.4448 888.015 -62.9047 1.17895 157.39
341.418 98.3116 19.0242 4.2596 886.972 -62.4699 1.12974 157.367
342.441 98.3116 19.0242 7.77839 885.066 -61.6811 2.06309 157.52
343.464 98.3116 19.0242 12.4084 882.025 -60.4232 3.29095 157.528
344.487 98.3117 19.0242 17.594 877.727 -58.6042 4.66697 157.061
345.51 98.3117 19.0243 23.8908 871.902 -56.1116 6.33568 156.832
346.533 98.3118 19.0243 26.854 865.362 -53.2926 7.1219 156.683
347.556 98.3118 19.0243 28.8912 858.321 -50.2706 7.66228 156.772
348.511 98.3119 19.0244 33.7064 850.678 -47.0297 8.30134 157.02
349.534 98.312 19.0244 37.7808 841.449 -43.1227 10.022 157.055
350.625 98.312 19.0245 41.4848 831.302 -38.8706 11.0019 157.264
351.648 98.3121 19.0246 44.6332 820.387 -34.2858 11.8389 157.215
352.671 98.3122 19.0246 44.8184 809.435 -29.6667 11.8864 157.133
353.694 98.3123 19.0247 45.5592 798.311 -24.9444 12.0851 156.999
354.717 98.3124 19.0248 48.3372 786.509 -19.9347 12.8209 156.999
355.74 98.3125 19.0249 51.3004 773.983 -14.6195 13.6073 157.007
356.763 98.3126 19.0249 53.1524 760.988 -9.15207 14.0981 157.182
357.786 98.3128 19.025 51.4856 748.395 -3.86727 13.6565 157.233
358.809 98.3129 19.0251 46.1148 737.122 0.875889 12.2308 157.182
359.832 98.313 19.0251 41.2996 727.042 5.16577 10.955 156.946
360.855 98.313 19.0252 35.5584 718.359 8.84917 9.43187 157.013
361.878 98.3131 19.0253 30.0024 711.032 11.9548 7.95819 157.03
362.901 98.3132 19.0253 21.1128 705.874 14.1348 5.59977 157.089
363.924 98.3132 19.0253 17.594 701.579 15.9611 4.66678 156.962
364.947 98.3132 19.0253 17.4088 697.35 17.8155 4.61737 156.322
365.97 98.3133 19.0254 20.9276 692.348 20.2219 5.55129 154.311
366.993 98.3133 19.0254 23.8908 686.735 23.163 6.3369 152.346
367.948 98.3134 19.0255 28.3356 680.599 26.4892 6.97952 151.539
368.971 98.3134 19.0255 32.2248 672.777 29.9364 8.54813 156.217
370.063 98.3135 19.0256 36.8548 663.624 33.3714 9.77618 159.429
371.086 98.3136 19.0256 39.818 653.761 37.1486 10.5608 159.044
372.109 98.3137 19.0257 40.5588 643.723 41.0183 10.7589 158.919
373.132 98.3138 19.0257 39.6328 633.907 44.7827 10.5122 159.017
374.155 98.3138 19.0258 38.7068 624.31 48.4307 10.2677 159.189
375.178 98.3139 19.0258 37.966 614.893 52.0004 10.0707 159.239
376.201 98.314 19.0259 37.04 605.704 55.4765 9.8247 159.279
377.224 98.3141 19.026 35.9288 596.791 58.8512 9.52993 159.261
378.247 98.3141 19.026 34.262 588.283 62.0443 9.08822 159.43
379.27 98.3142 19.0261 31.1136 580.547 64.9194 8.25246 159.611
380.293 98.3143 19.0261 25.7428 574.156 67.3247 6.82829 159.375
381.316 98.3143 19.0261 18.52 569.562 69.0626 4.91251 159.283
382.339 98.3144 19.0262 11.8528 566.623 70.1787 3.14372 159.205
383.362 98.3144 19.0262 8.14879 564.601 70.9435 2.16153 159.279
384.385 98.3144 19.0262 6.66719 562.947 71.5684 1.76852 159.306
385.408 98.3144 19.0262 6.66719 561.291 72.19 1.76839 159.421
386.431 98.3144 19.0262 10.0008 558.804 73.1135 2.6525 159.625
387.454 98.3145 19.0262 15.5568 554.941 74.5632 4.12632 159.431
388.477 98.3145 19.0262 21.6684 549.558 76.5748 5.74667 159.51
389.5 98.3145 19.0263 24.8168 543.404 78.9088 6.58219 159.232
390.455 98.3146 19.0263 25.3724 537.56 81.1247 6.24919 159.231
391.546 98.3147 19.0264 28.3356 530.529 83.7784 7.51582 159.324
392.569 98.3147 19.0264 29.632 523.176 86.5537 7.8594 159.322
393.592 98.3148 19.0264 26.1132 516.7 89.0113 6.92656 159.218
394.615 98.3148 19.0265 18.8904 512.015 90.79 5.01087 159.209
395.57 98.3149 19.0265 10.9268 509.499 91.7467 2.69168 159.18
396.661 98.3149 19.0265 6.29679 507.938 92.339 1.67007 159.226
397.684 98.3149 19.0265 4.8152 506.743 92.7911 1.27714 159.272
398.707 98.3149 19.0265 3.704 505.823 93.1354 0.982389 159.479
399.73 98.3149 19.0265 5.3708 504.488 93.6314 1.42456 159.628
400.753 98.3149 19.0266 10.5564 501.862 94.6035 2.79964 159.681
401.776 98.315 19.0266 16.4828 497.766 96.1306 4.37177 159.555
402.799 98.315 19.0266 23.15 492.014 98.2791 6.1397 159.517
403.823 98.3151 19.0266 25.928 485.597 100.751 6.87694 158.932
404.846 98.3151 19.0267 26.2984 479.088 103.256 6.97464 158.954
405.869 98.3152 19.0267 30.3728 471.566 106.141 8.05569 159.016
406.824 98.3152 19.0268 35.0028 463.51 109.21 8.62154 159.147
407.847 98.3153 19.0268 36.8548 454.373 112.69 9.77673 159.146
408.938 98.3154 19.0269 39.2624 444.655 116.435 10.4146 158.925
409.961 98.3155 19.027 41.1144 434.491 120.382 10.9042 158.779
410.984 98.3156 19.027 41.4848 424.228 124.352 11.0038 158.849
412.007 98.3156 19.0271 42.9664 413.62 128.521 11.3973 158.547
413.03 98.3157 19.0272 43.8924 402.84 132.915 11.6416 157.827
414.053 98.3158 19.0272 43.1516 392.331 137.452 11.446 156.647
415.076 98.3159 19.0273 41.8552 382.267 142.14 11.1027 155.02
416.099 98.316 19.0274 40.9292 372.583 147.047 10.8562 153.132
417.122 98.316 19.0275 39.4476 363.503 152.246 10.4633 150.202
418.145 98.3161 19.0275 34.8176 355.625 157.064 9.23478 148.555
419.168 98.3161 19.0276 27.0392 349.522 160.831 7.17198 148.316
420.191 98.3162 19.0276 15.9272 345.887 162.984 4.22416 149.36
421.214 98.3162 19.0277 9.07479 343.829 164.231 2.40703 148.784
422.237 98.3162 19.0277 6.29679 342.402 165.099 1.67013 148.693
423.192 98.3162 19.0277 3.1484 341.738 165.5 0.775515 148.898
424.215 98.3162 19.0277 4.2596 340.768 166.08 1.12979 149.083
425.238 98.3162 19.0277 7.40799 339.083 167.09 1.96508 149.077
426.329 98.3163 19.0277 10.9268 336.595 168.576 2.89817 149.15
427.352 98.3163 19.0277 19.0756 332.243 171.158 5.06002 149.323
428.375 98.3163 19.0278 22.5944 327.092 174.22 5.99252 149.272
429.398 98.3164 19.0278 23.5204 321.721 177.395 6.23868 149.41
430.421 98.3164 19.0279 25.1872 315.913 180.695 6.68041 150.39
431.444 98.3165 19.0279 26.2984 309.71 183.884 6.9748 152.794
432.467 98.3165 19.028 20.372 304.753 186.033 5.40277 156.568
433.49 98.3165 19.028 11.112 302.009 187.108 2.94727 158.602
434.513 98.3166 19.028 6.11159 300.502 187.706 1.62085 158.341
435.536 98.3166 19.028 4.4448 299.406 188.139 1.17887 158.461
436.559 98.3166 19.028 4.8152 298.215 188.602 1.27695 158.766
437.583 98.3166 19.028 9.63039 295.836 189.53 2.55409 158.68
438.538 98.3166 19.028 15.3716 292.305 190.896 3.78622 158.852
439.56 98.3167 19.0281 19.8164 287.388 192.755 5.25668 159.289
440.652 98.3167 19.0281 21.8536 281.953 194.769 5.79571 159.664
441.675 98.3168 19.0281 22.5944 276.334 196.85 5.992 159.679
442.698 98.3168 19.0282 25.5576 270.031 199.344 6.77832 158.416
443.653 98.3169 19.0282 27.9652 263.685 202.021 6.88789 157.13
444.676 98.3169 19.0282 28.706 256.735 205.134 7.61514 155.866
445.699 98.317 19.0283 28.3356 250.365 207.986 6.97954 155.883
446.722 98.3171 19.0283 27.5948 243.669 210.944 7.32058 156.166
447.813 98.3171 19.0284 26.854 237.137 213.784 7.12245 156.501
448.768 98.3172 19.0284 25.3724 231.351 216.145 6.24964 157.804
449.791 98.3172 19.0284 24.4464 225.276 218.416 6.48471 159.502
450.882 98.3173 19.0285 24.6316 219.125 220.615 6.53296 160.335
451.837 98.3173 19.0285 25.002 213.341 222.731 6.1584 159.901
452.86 98.3174 19.0285 26.2984 206.779 225.099 6.97622 160.159
453.951 98.3175 19.0286 27.78 199.855 227.619 7.36845 159.998
454.974 98.3175 19.0286 29.0764 192.615 230.276 7.71245 159.845
455.997 98.3176 19.0286 31.484 184.757 233.102 8.35042 160.224
456.952 98.3177 19.0287 33.8916 176.895 235.91 8.34859 160.345
457.975 98.3177 19.0287 35.0028 168.156 239.045 9.28464 160.264
459.066 98.3178 19.0288 35.7436 159.248 242.292 9.48074 159.974
460.021 98.3179 19.0288 36.2992 150.854 245.371 8.94129 159.857
461.044 98.318 19.0289 36.2992 141.807 248.67 9.62939 159.963
462.135 98.3181 19.0289 37.5956 132.412 252.011 9.97145 160.424
463.09 98.3182 19.029 37.4104 123.72 255.071 9.21541 160.605
464.113 98.3182 19.029 35.7436 114.791 258.262 9.48097 160.337
465.204 98.3183 19.0291 32.0396 106.81 261.181 8.49816 159.91
466.227 98.3184 19.0291 27.5948 99.9234 263.658 7.31905 160.215
467.25 98.3184 19.0291 22.5944 94.2577 265.613 5.99341 160.964
468.273 98.3185 19.0292 21.298 89.0155 267.719 5.64937 158.113
469.296 98.3185 19.0292 20.5572 83.9694 269.785 5.45278 157.733
470.32 98.3186 19.0292 20.0016 78.9923 271.623 5.30548 159.735
471.343 98.3186 19.0292 16.4828 74.8658 273.068 4.37241 160.695
472.366 98.3187 19.0293 11.6676 71.9799 274.186 3.09462 158.835
473.389 98.3187 19.0293 8.33399 69.942 275.042 2.21063 157.201
474.412 98.3187 19.0293 7.03759 68.2393 275.807 1.86669 155.807
475.435 98.3187 19.0293 5.556 66.9258 276.476 1.47369 153.029
476.458 98.3187 19.0293 5.0004 65.8288 277.221 1.32634 145.801
477.481 98.3187 19.0293 6.66719 64.6425 278.532 1.76828 132.136
478.504 98.3187 19.0294 11.8528 63.3284 281.389 3.14398 114.708
479.527 98.3187 19.0294 16.2976 63.4621 285.709 4.32291 88.2267
480.55 98.3187 19.0294 21.298 65.2158 291.08 5.64926 71.9154
481.573 98.3186 19.0295 22.7796 67.1589 296.801 6.04199 71.2403
482.528 98.3186 19.0295 24.4464 69.0769 302.508 6.02146 71.4263
483.551 98.3186 19.0296 26.854 71.2837 309.282 7.12368 71.9533
484.642 98.3185 19.0296 30.3728 73.7635 316.947 8.05661 72.0741
485.665 98.3185 19.0297 32.9656 76.4665 325.263 8.74389 71.9927
486.688 98.3184 19.0298 34.262 79.1479 333.946 9.08835 72.8402
487.711 98.3184 19.0298 33.8916 81.6113 342.592 8.98917 74.0952
488.734 98.3183 19.0299 33.7064 83.8919 351.236 8.94038 75.2211
489.689 98.3183 19.03 34.6324 85.9186 359.522 8.53023 76.2557
490.712 98.3182 19.0301 35.7436 88.1123 368.746 9.48162 76.6225
491.735 98.3182 19.0302 36.114 90.2132 377.39 8.89541 76.3395
492.758 98.3182 19.0302 35.0028 92.4022 386.413 9.28477 76.3631
493.781 98.3181 19.0303 30.0024 94.1155 393.601 7.38944 76.5935
494.804 98.3181 19.0304 21.8536 95.4594 399.24 5.79696 76.5951
495.895 98.3181 19.0304 14.0752 96.3424 402.867 3.73279 76.3179
496.85 98.318 19.0304 8.51919 96.8446 404.905 2.09852 76.1522
497.873 98.318 19.0305 7.03759 97.2937 406.717 1.86699 76.0819
498.896 98.318 19.0305 7.40799 97.7585 408.626 1.96512 76.3198
499.919 98.318 19.0305 7.59319 98.2258 410.586 2.01422 76.584
500.942 98.318 19.0305 13.1492 99.0577 413.973 3.48792 76.2022
501.965 98.318 19.0306 18.7052 100.238 418.793 4.96214 76.2423
502.988 98.318 19.0306 21.6684 101.492 423.98 5.33707 76.4045
504.011 98.3179 19.0307 22.7796 102.908 429.855 6.04243 76.4545
505.034 98.3179 19.0307 23.3352 104.258 435.441 5.74749 76.4089
506.057 98.3179 19.0308 25.928 105.88 442.125 6.87771 76.3605
507.08 98.3179 19.0308 29.632 107.601 449.218 7.29902 76.3659
508.104 98.3178 19.0309 31.8544 109.565 457.437 8.45012 76.5598
509.126 98.3178 19.031 32.5952 111.516 465.224 8.02806 75.9309
510.15 98.3177 19.0311 31.2988 113.723 473.227 8.30205 74.5826
511.241 98.3177 19.0311 29.2616 115.856 480.69 7.76136 74.0511
512.264 98.3177 19.0312 27.5948 117.885 487.722 7.31895 73.9054
513.287 98.3176 19.0312 25.7428 119.784 494.281 6.82803 73.8531
514.242 98.3176 19.0313 20.9276 121.215 499.233 5.15481 73.8768
515.265 98.3176 19.0313 13.89 122.279 502.76 3.68445 73.2222
516.288 98.3176 19.0314 8.70439 122.897 504.813 2.14406 73.2304
517.311 98.3176 19.0314 4.2596 123.222 505.895 1.12972 73.3054
518.402 98.3176 19.0314 1.2964 123.32 506.225 0.343877 73.3568
519.357 98.3176 19.0314 1.1112 123.399 506.487 0.273722 73.3528
520.38 98.3176 19.0314 1.1112 123.484 506.769 0.294764 73.2828
521.403 98.3176 19.0314 0.925999 123.554 507.005 0.245623 73.2553
522.426 98.3176 19.0314 0.925999 123.625 507.24 0.245639 73.2323
523.449 98.3176 19.0314 0.740799 123.682 507.428 0.196488 73.1891
524.472 98.3176 19.0314 0.3704 123.708 507.515 0.0912424 73.2311
525.495 98.3176 19.0314 0.5556 123.751 507.656 0.147377 73.2408
526.518 98.3176 19.0314 0.5556 123.793 507.798 0.147359 73.241
527.541 98.3176 19.0314 0.3704 123.822 507.892 0.098252 73.2422
528.564 98.3176 19.0314 0.1852 123.836 507.939 0.0491304 73.2252
529.587 98.3176 19.0314 0.1852 123.85 507.986 0.0491253 73.2432
530.61 98.3176 19.0314 0.5556 123.893 508.127 0.147368 73.2494
531.633 98.3176 19.0314 2.4076 124.077 508.738 0.638633 73.2353
532.656 98.3176 19.0314 9.07479 124.764 511.045 2.40717 73.4176
533.679 98.3176 19.0314 13.3344 125.772 514.436 3.53711 73.4369
534.702 98.3175 19.0314 16.2976 127.013 518.577 4.32298 73.3221
535.725 98.3175 19.0315 17.4088 128.261 523.023 4.61778 74.3204
536.748 98.3175 19.0315 15.5568 129.308 527.014 4.12687 75.2982
537.839 98.3175 19.0316 12.038 130.273 530.058 3.19254 72.4096
538.862 98.3175 19.0316 11.2972 131.507 532.788 2.9959 65.6715
539.886 98.3174 19.0316 10.5564 133.108 535.085 2.79975 55.1282
540.909 98.3174 19.0316 10.5564 135.309 536.815 2.79998 38.1766
541.932 98.3174 19.0316 13.89 138.851 537.828 3.68423 15.9536
542.955 98.3173 19.0316 15.742 143.025 537.719 4.17534 -1.49067
543.978 98.3173 19.0316 14.0752 146.716 537.156 3.73311 -8.67079
544.933 98.3173 19.0315 12.7788 149.777 536.422 3.14772 -13.4908
545.956 98.3172 19.0315 10.9268 152.589 535.721 2.8987 -13.9954
547.047 98.3172 19.0315 8.88959 154.891 535.209 2.35782 -12.5521
548.002 98.3172 19.0315 6.66719 156.494 534.854 1.64243 -12.4603
549.025 98.3172 19.0315 4.2596 157.605 534.647 1.12984 -10.5667
550.048 98.3172 19.0315 1.2964 157.945 534.597 0.343887 -8.42564
551.071 98.3172 19.0315 0.3704 158.036 534.584 0.0912427 -8.00843
552.094 98.3172 19.0315 0.1852 158.084 534.577 0.0491269 -8.22858
553.117 98.3172 19.0315 0.1852 158.133 534.57 0.0491251 -8.28602
554.14 98.3172 19.0315 0.3704 158.23 534.556 0.0982553 -8.30241
555.163 98.3172 19.0315 0.1852 158.279 534.549 0.0491225 -8.32656
556.186 98.3172 19.0315 0.1852 158.327 534.541 0.0491314 -8.35094
557.209 98.3172 19.0315 0.3704 158.425 534.527 0.0982404 -8.31322
558.232 98.3172 19.0315 0.3704 158.522 534.513 0.0982547 -8.36012
559.255 98.3172 19.0315 0.5556 158.668 534.492 0.147382 -8.31414
560.346 98.3172 19.0315 0.3704 158.765 534.478 0.0982451 -8.27795
561.369 98.3172 19.0315 0.3704 158.862 534.463 0.0982482 -8.30809
562.392 98.3172 19.0315 0.1852 158.911 534.456 0.0491262 -8.31372
563.415 98.3172 19.0315 0 158.911 534.456 0 -8.2966
564.438 98.3172 19.0315 0 158.911 534.456 0 -8.27174
565.461 98.3172 19.0315 0.3704 159.008 534.442 0.0982473 -8.28911
566.416 98.3172 19.0315 0.3704 159.098 534.429 0.0912423 -8.26351
