0	0.9	0.9
0.0625	0.870718	0.893568
0.125	0.842895	0.8856
0.1875	0.816552	0.876218
0.25	0.791694	0.86555
0.3125	0.768314	0.853724
0.375	0.746391	0.840868
0.4375	0.7259	0.827109
0.5	0.706804	0.812569
0.5625	0.689065	0.797367
0.625	0.672638	0.781614
0.6875	0.657479	0.765417
0.75	0.643538	0.748875
0.8125	0.630769	0.732079
0.875	0.619124	0.715114
0.9375	0.608557	0.698057
1	0.599021	0.68098
1.0625	0.590474	0.663945
1.125	0.582874	0.64701
1.1875	0.57618	0.630225
1.25	0.570356	0.613636
1.3125	0.565366	0.597282
1.375	0.561179	0.581197
1.4375	0.557762	0.565411
1.5	0.555089	0.549949
1.5625	0.553133	0.534833
1.625	0.55187	0.520079
1.6875	0.551279	0.505704
1.75	0.55134	0.491718
1.8125	0.552035	0.47813
1.875	0.553347	0.464946
1.9375	0.555263	0.452172
2	0.557769	0.43981
2.0625	0.560855	0.42786
2.125	0.564509	0.416323
2.1875	0.568725	0.405196
2.25	0.573493	0.394478
2.3125	0.578809	0.384164
2.375	0.584666	0.374251
2.4375	0.591061	0.364733
2.5	0.597991	0.355605
2.5625	0.605452	0.346861
2.625	0.613443	0.338496
2.6875	0.621964	0.330503
2.75	0.631013	0.322876
2.8125	0.640592	0.315609
2.875	0.6507	0.308695
2.9375	0.661339	0.302128
3	0.672511	0.295903
3.0625	0.684216	0.290013
3.125	0.696458	0.284454
3.1875	0.709237	0.279219
3.25	0.722556	0.274304
3.3125	0.736417	0.269704
3.375	0.750822	0.265416
3.4375	0.765773	0.261436
3.5	0.78127	0.257761
3.5625	0.797315	0.254388
3.625	0.813909	0.251315
3.6875	0.83105	0.248542
3.75	0.848737	0.246066
3.8125	0.866969	0.243889
3.875	0.885743	0.242011
3.9375	0.905053	0.240433
4	0.924894	0.239158
4.0625	0.945258	0.238189
4.125	0.966137	0.23753
4.1875	0.987518	0.237186
4.25	1.00939	0.237162
4.3125	1.03173	0.237466
4.375	1.05452	0.238107
4.4375	1.07775	0.239093
4.5	1.10138	0.240434
4.5625	1.12539	0.242144
4.625	1.14973	0.244234
4.6875	1.17438	0.24672
4.75	1.19929	0.249618
4.8125	1.22441	0.252945
4.875	1.24969	0.25672
4.9375	1.27506	0.260964
5	1.30046	0.2657
5.0625	1.32582	0.270952
5.125	1.35105	0.276744
5.1875	1.37606	0.283105
5.25	1.40076	0.290062
5.3125	1.42504	0.297645
5.375	1.44878	0.305886
5.4375	1.47186	0.314816
5.5	1.49416	0.324466
5.5625	1.51553	0.334868
5.625	1.53582	0.346055
5.6875	1.55488	0.358056
5.75	1.57255	0.370899
5.8125	1.58866	0.384609
5.875	1.60305	0.399206
5.9375	1.61554	0.414705
6	1.62596	0.431115
6.0625	1.63415	0.448436
6.125	1.63995	0.466657
6.1875	1.64321	0.485756
6.25	1.64381	0.505698
6.3125	1.64162	0.526433
6.375	1.63655	0.547894
6.4375	1.62854	0.569998
6.5	1.61754	0.59264
6.5625	1.60357	0.615702
6.625	1.58664	0.639043
6.6875	1.56683	0.662508
6.75	1.54424	0.685925
6.8125	1.51903	0.709108
6.875	1.49137	0.731865
6.9375	1.46147	0.753993
7	1.42959	0.775291
7.0625	1.39597	0.795559
7.125	1.36092	0.814607
7.1875	1.32471	0.832253
7.25	1.28766	0.848336
7.3125	1.25006	0.862714
7.375	1.21219	0.875267
7.4375	1.17433	0.885902
7.5	1.13674	0.894554
7.5625	1.09965	0.901184
7.625	1.06328	0.90578
7.6875	1.0278	0.908357
7.75	0.993375	0.908953
7.8125	0.960132	0.907628
7.875	0.928176	0.904459
7.9375	0.897586	0.899541
8	0.868421	0.892981
8.0625	0.840717	0.884894
8.125	0.814494	0.875404
8.1875	0.789755	0.864638
8.25	0.766493	0.852724
8.3125	0.744687	0.839791
8.375	0.724309	0.825964
8.4375	0.705325	0.811367
8.5	0.687693	0.796116
8.5625	0.67137	0.780324
8.625	0.65631	0.764095
8.6875	0.642466	0.747529
8.75	0.629789	0.730716
8.8125	0.618233	0.713741
8.875	0.607751	0.69668
8.9375	0.598296	0.679604
9	0.589827	0.662575
9.0625	0.582301	0.645651
9.125	0.575679	0.62888
9.1875	0.569923	0.612309
9.25	0.565	0.595975
9.3125	0.560875	0.579913
9.375	0.55752	0.564152
9.4375	0.554905	0.548717
9.5	0.553006	0.53363
9.5625	0.551798	0.518906
9.625	0.55126	0.504562
9.6875	0.551373	0.490608
9.75	0.552118	0.477052
9.8125	0.553479	0.463901
9.875	0.555443	0.45116
9.9375	0.557997	0.438831
10	0.561128	0.426915
10.0625	0.564829	0.415411
10.125	0.569089	0.404317
10.1875	0.573902	0.393632
10.25	0.579261	0.38335
10.3125	0.585162	0.373469
10.375	0.5916	0.363982
10.4375	0.598572	0.354886
10.5	0.606076	0.346173
10.5625	0.61411	0.337838
10.625	0.622674	0.329875
10.6875	0.631766	0.322277
10.75	0.641387	0.315038
10.8125	0.651538	0.308153
10.875	0.66222	0.301614
10.9375	0.673435	0.295416
11	0.685183	0.289553
11.0625	0.697468	0.28402
11.125	0.71029	0.278811
11.1875	0.723653	0.273921
11.25	0.737558	0.269347
11.3125	0.752007	0.265084
11.375	0.767002	0.261129
11.4375	0.782543	0.257478
11.5	0.798633	0.254129
11.5625	0.81527	0.251081
11.625	0.832455	0.248331
11.6875	0.850187	0.24588
11.75	0.868462	0.243727
11.8125	0.887279	0.241873
11.875	0.906633	0.240319
11.9375	0.926516	0.239069
12	0.946923	0.238125
12.0625	0.967842	0.23749
12.125	0.989263	0.237172
12.1875	1.01117	0.237174
12.25	1.03355	0.237506
12.3125	1.05638	0.238173
12.375	1.07964	0.239187
12.4375	1.1033	0.240558
12.5	1.12734	0.242298
12.5625	1.15171	0.24442
12.625	1.17638	0.246938
12.6875	1.20131	0.24987
12.75	1.22645	0.253232
12.8125	1.25173	0.257044
12.875	1.27711	0.261328
12.9375	1.30251	0.266104
13	1.32786	0.271398
13.0625	1.35307	0.277236
13.125	1.37806	0.283643
13.1875	1.40273	0.29065
13.25	1.42697	0.298285
13.3125	1.45067	0.30658
13.375	1.47369	0.315566
13.4375	1.49592	0.325276
13.5	1.51721	0.335741
13.5625	1.53741	0.346992
13.625	1.55636	0.35906
13.6875	1.57391	0.371972
13.75	1.58989	0.385752
13.8125	1.60413	0.400421
13.875	1.61645	0.415994
13.9375	1.6267	0.432478
14	1.63471	0.449871
14.0625	1.64031	0.468164
14.125	1.64336	0.487333
14.1875	1.64374	0.507341
14.25	1.64132	0.528137
14.3125	1.63601	0.549654
14.375	1.62776	0.571804
14.4375	1.61653	0.594486
14.5	1.60231	0.617575
14.5625	1.58515	0.640932
14.625	1.56511	0.6644
14.6875	1.54231	0.687805
14.75	1.51689	0.710961
14.8125	1.48904	0.733674
14.875	1.45897	0.755743
14.9375	1.42694	0.776966
15	1.3932	0.797143
15.0625	1.35804	0.816083
15.125	1.32176	0.833609
15.1875	1.28465	0.84956
15.25	1.24701	0.863795
15.3125	1.20913	0.876196
15.375	1.17129	0.886674
15.4375	1.13373	0.895164
15.5	1.09669	0.90163
15.5625	1.06038	0.906063
15.625	1.02498	0.908478
15.6875	0.990649	0.908917
15.75	0.957507	0.90744
15.8125	0.925658	0.904126
15.875	0.895182	0.899072
15.9375	0.866133	0.892384
16	0.838548	0.884179
16.0625	0.812444	0.874582
16.125	0.787826	0.863718
16.1875	0.764681	0.851717
16.25	0.742992	0.838707
16.3125	0.722728	0.824814
16.375	0.703854	0.81016
16.4375	0.686329	0.794862
16.5	0.67011	0.779031
16.5625	0.65515	0.762771
16.625	0.641402	0.746182
16.6875	0.628817	0.729353
16.75	0.617349	0.712368
16.8125	0.606951	0.695304
16.875	0.597578	0.678229
16.9375	0.589186	0.661206
17	0.581734	0.644292
17.0625	0.575183	0.627536
17.125	0.569496	0.610983
17.1875	0.564638	0.59467
17.25	0.560577	0.578631
17.3125	0.557282	0.562895
17.375	0.554726	0.547488
17.4375	0.552883	0.532429
17.5	0.55173	0.517736
17.5625	0.551245	0.503423
17.625	0.55141	0.4895
17.6875	0.552205	0.475977
17.75	0.553616	0.462859
17.8125	0.555627	0.450151
17.875	0.558228	0.437855
17.9375	0.561406	0.425972
18	0.565151	0.414501
18.0625	0.569456	0.403441
18.125	0.574314	0.392788
18.1875	0.579717	0.382539
18.25	0.585661	0.372689
18.3125	0.592142	0.363235
18.375	0.599158	0.354169
18.4375	0.606704	0.345487
18.5	0.614781	0.337182
18.5625	0.623387	0.329249
18.625	0.632522	0.32168
18.6875	0.642186	0.31447
18.75	0.65238	0.307613
18.8125	0.663104	0.301102
18.875	0.674362	0.294931
18.9375	0.686154	0.289095
19	0.698481	0.283588
19.0625	0.711348	0.278405
19.125	0.724754	0.273541
19.1875	0.738703	0.268992
19.25	0.753196	0.264754
19.3125	0.768234	0.260823
19.375	0.78382	0.257197
19.4375	0.799953	0.253872
19.5	0.816635	0.250848
19.5625	0.833864	0.248122
19.625	0.85164	0.245695
19.6875	0.869959	0.243566
19.75	0.88882	0.241736
19.8125	0.908216	0.240207
19.875	0.928142	0.238981
19.9375	0.94859	0.238062
20	0.96955	0.237453
20.0625	0.991011	0.23716
20.125	1.01296	0.237189
20.1875	1.03537	0.237547
20.25	1.05824	0.238242
20.3125	1.08153	0.239285
20.375	1.10523	0.240685
20.4375	1.12929	0.242455
20.5	1.15369	0.244608
20.5625	1.17838	0.247159
20.625	1.20333	0.250125
20.6875	1.22848	0.253522
20.75	1.25378	0.257372
20.8125	1.27916	0.261694
20.875	1.30456	0.266511
20.9375	1.3299	0.271848
21	1.3551	0.277731
21.0625	1.38007	0.284185
21.125	1.4047	0.291241
21.1875	1.4289	0.298929
21.25	1.45255	0.307278
21.3125	1.47552	0.316322
21.375	1.49767	0.326091
21.4375	1.51888	0.336618
21.5	1.53898	0.347934
21.5625	1.55783	0.360069
21.625	1.57526	0.37305
21.6875	1.5911	0.386901
21.75	1.60519	0.401643
21.8125	1.61736	0.417289
21.875	1.62743	0.433846
21.9375	1.63525	0.451313
22	1.64065	0.469677
22.0625	1.64349	0.488915
22.125	1.64365	0.508989
22.1875	1.641	0.529846
22.25	1.63546	0.551417
22.3125	1.62697	0.573614
22.375	1.61549	0.596333
22.4375	1.60104	0.61945
22.5	1.58364	0.642822
22.5625	1.56337	0.666291
22.625	1.54035	0.689683
22.6875	1.51473	0.712811
22.75	1.4867	0.73548
22.8125	1.45646	0.757488
22.875	1.42428	0.778634
22.9375	1.39041	0.798718
23	1.35515	0.817551
23.0625	1.31879	0.834956
23.125	1.28163	0.850773
23.1875	1.24396	0.864864
23.25	1.20608	0.877113
23.3125	1.16824	0.887432
23.375	1.13072	0.89576
23.4375	1.09374	0.902062
23.5	1.05749	0.906332
23.5625	1.02218	0.908586
23.625	0.987932	0.908868
23.6875	0.95489	0.907239
23.75	0.92315	0.903782
23.8125	0.892787	0.898592
23.875	0.863855	0.891777
23.9375	0.836389	0.883456
24	0.810405	0.873751
24.0625	0.785905	0.862791
24.125	0.76288	0.850704
24.1875	0.741306	0.837619
24.25	0.721155	0.82366
24.3125	0.702392	0.808949
24.375	0.684974	0.793604
24.4375	0.668858	0.777734
24.5	0.653997	0.761445
24.5625	0.640345	0.744833
24.625	0.627852	0.727988
24.6875	0.616472	0.710994
24.75	0.606158	0.693927
24.8125	0.596865	0.676854
24.875	0.588551	0.659838
24.9375	0.581173	0.642935
25	0.574693	0.626194
25.0625	0.569074	0.609658
25.125	0.564281	0.593366
25.1875	0.560283	0.577351
25.25	0.557049	0.561641
25.3125	0.554551	0.546261
25.375	0.552765	0.531231
25.4375	0.551667	0.516568
25.5	0.551235	0.502286
25.5625	0.551451	0.488395
25.625	0.552296	0.474904
25.6875	0.553756	0.46182
25.75	0.555815	0.449145
25.8125	0.558463	0.436882
25.875	0.561687	0.425032
25.9375	0.565478	0.413595
26	0.569828	0.402567
26.0625	0.574729	0.391947
26.125	0.580176	0.38173
26.1875	0.586164	0.371913
26.25	0.592688	0.36249
26.3125	0.599746	0.353455
26.375	0.607336	0.344804
26.4375	0.615455	0.336529
26.5	0.624104	0.328625
26.5625	0.633281	0.321086
26.625	0.642988	0.313905
26.6875	0.653224	0.307075
26.75	0.663992	0.300592
26.8125	0.675293	0.294448
26.875	0.687127	0.288639
26.9375	0.699499	0.283158
27	0.712408	0.278001
27.0625	0.725858	0.273163
27.125	0.739851	0.268639
27.1875	0.754388	0.264426
27.25	0.76947	0.26052
27.3125	0.7851	0.256918
27.375	0.801278	0.253617
27.4375	0.818004	0.250617
27.5	0.835277	0.247916
27.5625	0.853096	0.245512
27.625	0.87146	0.243408
27.6875	0.890363	0.241602
27.75	0.909803	0.240097
27.8125	0.929771	0.238896
27.875	0.950261	0.238001
27.9375	0.971262	0.237418
28	0.992762	0.23715
28.0625	1.01475	0.237205
28.125	1.0372	0.23759
28.1875	1.0601	0.238313
28.25	1.08343	0.239384
28.3125	1.10715	0.240813
28.375	1.13124	0.242614
28.4375	1.15567	0.244798
28.5	1.18039	0.247382
28.5625	1.20535	0.250382
28.625	1.23051	0.253816
28.6875	1.25582	0.257702
28.75	1.28121	0.262064
28.8125	1.3066	0.266922
28.875	1.33194	0.272302
28.9375	1.35712	0.278229
29	1.38207	0.284731
29.0625	1.40667	0.291837
29.125	1.43083	0.299577
29.1875	1.45443	0.307981
29.25	1.47733	0.317082
29.3125	1.49942	0.326911
29.375	1.52054	0.337501
29.4375	1.54055	0.348882
29.5	1.55929	0.361084
29.5625	1.5766	0.374134
29.625	1.59231	0.388057
29.6875	1.60625	0.402871
29.75	1.61825	0.41859
29.8125	1.62815	0.435221
29.875	1.63578	0.45276
29.9375	1.64098	0.471196
30	1.64361	0.490503
30.0625	1.64354	0.510642
30.125	1.64066	0.53156
30.1875	1.63488	0.553184
30.25	1.62615	0.575428
30.3125	1.61444	0.598184
30.375	1.59974	0.621327
30.4375	1.58211	0.644713
30.5	1.56162	0.668182
30.5625	1.53838	0.69156
30.625	1.51256	0.714658
30.6875	1.48434	0.737281
30.75	1.45394	0.759227
30.8125	1.42161	0.780294
30.875	1.38762	0.800285
30.9375	1.35226	0.819009
31	1.31582	0.836292
31.0625	1.27861	0.851974
31.125	1.24091	0.865921
31.1875	1.20302	0.878017
31.25	1.16521	0.888178
31.3125	1.12772	0.896344
31.375	1.09078	0.902482
31.4375	1.05461	0.906588
31.5	1.01937	0.908681
31.5625	0.985223	0.908806
31.625	0.952282	0.907027
31.6875	0.92065	0.903426
31.75	0.890401	0.898101
31.8125	0.861586	0.89116
31.875	0.834239	0.882723
31.9375	0.808375	0.872913
32	0.783995	0.861857
32.0625	0.761087	0.849685
32.125	0.739629	0.836524
32.1875	0.719592	0.8225
32.25	0.700938	0.807734
32.3125	0.683627	0.792343
32.375	0.667614	0.776435
32.4375	0.652853	0.760117
32.5	0.639295	0.743482
32.5625	0.626894	0.726623
32.625	0.615601	0.70962
32.6875	0.605372	0.69255
32.75	0.596159	0.675479
32.8125	0.587922	0.658471
32.875	0.580618	0.641579
32.9375	0.574209	0.624853
33	0.568658	0.608335
33.0625	0.56393	0.592064
33.125	0.559994	0.576073
33.1875	0.556821	0.560389
33.25	0.554381	0.545036
33.3125	0.552651	0.530035
33.375	0.551607	0.515402
33.4375	0.551229	0.501151
33.5	0.551496	0.487293
33.5625	0.552391	0.473834
33.625	0.5539	0.460783
33.6875	0.556007	0.448141
33.75	0.558701	0.435912
33.8125	0.561971	0.424095
33.875	0.565808	0.41269
33.9375	0.570202	0.401696
34	0.575148	0.391108
34.0625	0.580639	0.380924
34.125	0.58667	0.371139
34.1875	0.593237	0.361747
34.25	0.600338	0.352744
34.3125	0.607971	0.344123
34.375	0.616133	0.335878
34.4375	0.624824	0.328004
34.5	0.634044	0.320494
34.5625	0.643793	0.313341
34.625	0.654073	0.30654
34.6875	0.664883	0.300084
34.75	0.676227	0.293968
34.8125	0.688105	0.288185
34.875	0.700519	0.28273
34.9375	0.713472	0.277599
35	0.726966	0.272786
35.0625	0.741002	0.268288
35.125	0.755583	0.264099
35.1875	0.77071	0.260218
35.25	0.786384	0.25664
35.3125	0.802606	0.253364
35.375	0.819376	0.250388
35.4375	0.836693	0.247711
35.5	0.854557	0.245332
35.5625	0.872964	0.243251
35.625	0.891911	0.241469
35.6875	0.911393	0.239989
35.75	0.931404	0.238812
35.8125	0.951935	0.237943
35.875	0.972977	0.237384
35.9375	0.994517	0.237143
36	1.01654	0.237224
36.0625	1.03903	0.237636
36.125	1.06197	0.238386
36.1875	1.08533	0.239486
36.25	1.10908	0.240945
36.3125	1.1332	0.242775
36.375	1.15765	0.244992
36.4375	1.18239	0.247609
36.5	1.20737	0.250643
36.5625	1.23255	0.254112
36.625	1.25786	0.258036
36.6875	1.28325	0.262437
36.75	1.30865	0.267336
36.8125	1.33397	0.272759
36.875	1.35914	0.278732
36.9375	1.38406	0.285282
37	1.40864	0.292437
37.0625	1.43276	0.300229
37.125	1.4563	0.308689
37.1875	1.47915	0.317847
37.25	1.50116	0.327736
37.3125	1.5222	0.338388
37.375	1.54211	0.349834
37.4375	1.56074	0.362104
37.5	1.57792	0.375224
37.5625	1.5935	0.389217
37.625	1.60729	0.404104
37.6875	1.61913	0.419897
37.75	1.62885	0.436601
37.8125	1.63629	0.454213
37.875	1.64129	0.472721
37.9375	1.6437	0.492096
38	1.64341	0.5123
38.0625	1.6403	0.533278
38.125	1.63429	0.554956
38.1875	1.62532	0.577245
38.25	1.61336	0.600037
38.3125	1.59843	0.623205
38.375	1.58056	0.646604
38.4375	1.55984	0.670073
38.5	1.53639	0.693435
38.5625	1.51037	0.716502
38.625	1.48196	0.739078
38.6875	1.4514	0.760961
38.75	1.41892	0.781948
38.8125	1.38481	0.801843
38.875	1.34936	0.820458
38.9375	1.31285	0.837617
39	1.27558	0.853165
39.0625	1.23786	0.866966
39.125	1.19997	0.878909
39.1875	1.16217	0.888911
39.25	1.12472	0.896914
39.3125	1.08784	0.902888
39.375	1.05173	0.90683
39.4375	1.01658	0.908764
39.5	0.982521	0.908732
39.5625	0.949683	0.906803
39.625	0.91816	0.90306
39.6875	0.888024	0.8976
39.75	0.859327	0.890534
39.8125	0.832099	0.881981
39.875	0.806355	0.872066
39.9375	0.782094	0.860915
40	0.759304	0.848659
