$GPRMC,122503.000,V,1902.0217,N,09818.8750,W,0.0,0.0,131216,,,E*62
$GPGGA,122503.000,1902.0217,N,09818.8750,W,0,00,99.0,2139.78,M,-9.1,M,,*67
$GPVTG,0.0,T,,M,0.0,N,0.0,K,E*09
$GNGSA,A,1,,,,,,,,,,,,,99.0,99.0,99.0*1E
$GNGSA,A,1,,,,,,,,,,,,,99.0,99.0,99.0*1E
$GPGSV,3,1,12,02,45,011,,05,78,147,,06,18,042,,12,67,295,*76
$GPGSV,3,2,12,13,11,160,,15,04,192,,17,13,101,,19,23,090,*70
$GPGSV,3,3,12,20,30,213,,24,15,224,,25,28,318,,29,06,311,*74
$GLGSV,3,1,10,74,04,326,,73,31,284,,82,25,049,,73,34,274,*6C
$GLGSV,3,2,10,84,04,301,,83,29,349,,67,29,045,,68,56,117,*60
$GLGSV,3,3,10,80,28,218,,69,25,178,,,,,,,,,*6B
$PSTM3DACC,136363715,-336,1680,15904*30
$PSTM3DACC,136431768,-272,1616,16048*36
$PSTM3DACC,136499961,-304,1648,16032*35
$PSTM3DACC,136568160,-288,1680,16064*31
$PSTM3DACC,136636388,-304,1680,16064*38
$PSTM3DACC,136704739,-272,1680,16064*36
$PSTM3DACC,136772866,-272,1696,16032*36
$PSTM3DACC,136840971,-256,1712,16016*32
$PSTM3DACC,136909292,-272,1616,16080*34
$PSTM3DACC,136977377,-272,1648,16080*3C
$PSTM3DACC,137045594,-320,1632,16080*35
$PSTM3DACC,137113751,-320,1680,15984*3B
$PSTM3DACC,137181954,-304,1680,16016*3C
$PSTM3DACC,137250179,-320,1680,16016*32
$PSTM3DACC,137318489,-320,1648,16128*3D
$PSTM3DGYRO,136365176,2,-5,-9,0,1*65
$PSTM3DGYRO,136433100,-5,4,-3,0,1*6C
$PSTM3DGYRO,136501302,5,-8,-11,0,1*53
$PSTM3DGYRO,136569474,-3,32,14,0,1*4C
$PSTM3DGYRO,136637711,-31,-16,-22,0,1*76
$PSTM3DGYRO,136706189,-26,17,-22,0,1*58
$PSTM3DGYRO,136774230,20,13,-12,0,1*70
$PSTM3DGYRO,136842294,12,4,-32,0,1*41
$PSTM3DGYRO,136910669,-2,17,-4,0,1*5A
$PSTM3DGYRO,136978713,10,21,7,0,1*6D
$PSTM3DGYRO,137046936,6,24,-15,0,1*4D
$PSTM3DGYRO,137115109,21,-12,-24,0,1*51
$PSTM3DGYRO,137183300,-22,8,7,0,1*71
$PSTM3DGYRO,137251555,-1,-1,-47,0,1*77
$PSTM3DGYRO,137319876,28,-10,9,0,1*47
$PSTMDRGPS,19.033694169,-98.314584046,0.00000,0.00000,99.000,99.000,99.000,0.000,0.000,0.00000*54
$GPRMC,122504.000,V,1902.0217,N,09818.8750,W,0.0,0.0,131216,,,E*65
$GPGGA,122504.000,1902.0217,N,09818.8750,W,0,00,99.0,2139.78,M,-9.1,M,,*60
$GPVTG,0.0,T,,M,0.0,N,0.0,K,E*09
$GNGSA,A,1,,,,,,,,,,,,,99.0,99.0,99.0*1E
$GNGSA,A,1,,,,,,,,,,,,,99.0,99.0,99.0*1E
$GPGSV,3,1,12,02,45,011,,05,78,147,,06,18,042,,12,67,295,*76
$GPGSV,3,2,12,13,11,160,,15,04,192,,17,13,101,,19,23,090,*70
$GPGSV,3,3,12,20,30,213,,24,15,224,,25,28,318,,29,06,311,*74
$GLGSV,3,1,10,74,04,326,,73,31,284,,82,25,049,,73,34,274,*6C
$GLGSV,3,2,10,84,04,301,,83,29,349,,67,29,045,,68,56,117,*60
$GLGSV,3,3,10,80,28,218,,69,25,178,,,,,,,,,*6B
$PSTM3DACC,137386754,-256,1648,16016*35
$PSTM3DACC,137454833,-256,1680,16064*32
$PSTM3DACC,137523108,-272,1696,16032*30
$PSTM3DACC,137591199,-304,1648,16064*31
$PSTM3DACC,137659367,-304,1664,16000*39
$PSTM3DACC,137727608,-320,1648,16000*35
$PSTM3DACC,137795817,-256,1616,16080*3F
$PSTM3DACC,137863965,-320,1632,16080*3B
$PSTM3DACC,137932167,-304,1648,16128*3C
$PSTM3DACC,138000369,-320,1664,16032*35
$PSTM3DACC,138068598,-256,1696,16064*3D
$PSTM3DACC,138136786,-288,1616,16048*3F
$PSTM3DACC,138204980,-304,1648,16000*37
$PSTM3DACC,138273208,-304,1696,15984*39
$PSTM3DACC,138341577,-288,1664,16064*3A
$PSTM3DGYRO,137388159,12,-7,-32,0,1*61
$PSTM3DGYRO,137456179,-9,2,-47,0,1*5A
$PSTM3DGYRO,137524490,-5,17,-26,0,1*63
$PSTM3DGYRO,137592514,10,30,-8,0,1*43
$PSTM3DGYRO,137660686,-3,1,-33,0,1*50
$PSTM3DGYRO,137728927,-58,11,0,0,1*4B
$PSTM3DGYRO,137797172,5,17,-1,0,1*78
$PSTM3DGYRO,137865280,19,0,-26,0,1*4A
$PSTM3DGYRO,137933478,-23,23,15,0,1*71
$PSTM3DGYRO,138001680,-17,11,-16,0,1*5B
$PSTM3DGYRO,138069949,-1,253,-17,0,1*5D
$PSTM3DGYRO,138138096,22,20,22,0,1*52
$PSTM3DGYRO,138206290,-20,-3,-38,0,1*4D
$PSTM3DGYRO,138274528,-9,3,8,0,1*44
$PSTM3DGYRO,138343008,13,-6,-6,0,1*5B
$PSTMDRGPS,19.033694169,-98.314584046,0.00000,0.00000,99.000,99.000,99.000,0.000,0.000,0.00000*54
$GPRMC,122505.000,V,1902.0217,N,09818.8750,W,0.0,0.0,131216,,,E*64
$GPGGA,122505.000,1902.0217,N,09818.8750,W,0,00,99.0,2139.78,M,-9.1,M,,*61
$GPVTG,0.0,T,,M,0.0,N,0.0,K,E*09
$GNGSA,A,1,,,,,,,,,,,,,99.0,99.0,99.0*1E
$GNGSA,A,1,,,,,,,,,,,,,99.0,99.0,99.0*1E
$GPGSV,3,1,12,02,45,011,,05,78,147,,06,18,042,,12,67,295,*76
$GPGSV,3,2,12,13,11,160,,15,04,192,,17,13,101,,19,23,090,*70
$GPGSV,3,3,12,20,30,213,,24,15,224,,25,28,318,,29,06,311,*74
$GLGSV,3,1,10,74,04,326,,73,31,283,,82,25,049,,73,34,274,*6B
$GLGSV,3,2,10,84,04,301,,83,29,349,,67,29,045,,68,56,117,*60
$GLGSV,3,3,10,80,28,218,,69,25,178,,,,,,,,,*6B
$PSTM3DACC,138409809,-272,1648,16032*3D
$PSTM3DACC,138477823,-304,1648,16032*3C
$PSTM3DACC,138546084,-272,1648,16032*3A
$PSTM3DACC,138614220,-304,1680,16080*3F
$PSTM3DACC,138682389,-288,1632,16032*37
$PSTM3DACC,138750794,-288,1632,16048*3C
$PSTM3DACC,138818903,-320,1648,16016*3A
$PSTM3DACC,138887071,-272,1680,16032*34
$PSTM3DACC,138955203,-368,1648,16064*30
$PSTM3DACC,139023403,-368,1680,16032*38
$PSTM3DACC,139091745,-288,1648,16016*3D
$PSTM3DACC,139159871,-304,1600,16032*3F
$PSTM3DACC,139228059,-288,1600,16016*3B
$PSTM3DACC,139296234,-320,1616,16032*35
$PSTM3DACC,139364594,-320,1632,16032*32
$PSTM3DGYRO,138411224,-2,18,-36,0,1*6B
$PSTM3DGYRO,138479169,4,-15,7,0,1*7B
$PSTM3DGYRO,138547449,-10,36,2,0,1*41
$PSTM3DGYRO,138615530,9,19,-19,0,1*45
$PSTM3DGYRO,138683699,-24,30,-7,0,1*6C
$PSTM3DGYRO,138752158,-9,7,-14,0,1*52
$PSTM3DGYRO,138820290,-18,-6,-43,0,1*41
$PSTM3DGYRO,138888403,-23,7,-24,0,1*6A
$PSTM3DGYRO,138956518,-21,3,-24,0,1*65
$PSTM3DGYRO,139024718,-10,17,12,0,1*75
$PSTM3DGYRO,139093109,1,5,-15,0,1*7B
$PSTM3DGYRO,139161230,-2,-12,-8,0,1*77
$PSTM3DGYRO,139229396,-19,9,-2,0,1*52
$PSTM3DGYRO,139297561,10,5,-9,0,1*7A
$PSTM3DGYRO,139366000,-9,7,-12,0,1*5A
$PSTMDRGPS,19.033694169,-98.314584046,0.00000,0.00000,99.000,99.000,99.000,0.000,0.000,0.00000*54
$GPRMC,122506.000,V,1902.0217,N,09818.8750,W,0.0,0.0,131216,,,E*67
$GPGGA,122506.000,1902.0217,N,09818.8750,W,0,00,99.0,2139.78,M,-9.1,M,,*62
$GPVTG,0.0,T,,M,0.0,N,0.0,K,E*09
$GNGSA,A,1,,,,,,,,,,,,,99.0,99.0,99.0*1E
$GNGSA,A,1,,,,,,,,,,,,,99.0,99.0,99.0*1E
$GPGSV,3,1,12,02,45,011,,05,78,147,,06,18,042,,12,67,295,*76
$GPGSV,3,2,12,13,11,160,,15,04,192,,17,13,101,,19,23,090,*70
$GPGSV,3,3,12,20,30,213,,24,15,224,,25,28,318,,29,06,311,*74
$GLGSV,3,1,10,74,04,326,,73,31,283,,82,25,049,,73,34,274,*6B
$GLGSV,3,2,10,84,04,301,,83,29,349,,67,29,045,,68,56,117,*60
$GLGSV,3,3,10,80,28,218,,69,25,178,,,,,,,,,*6B
$PSTM3DACC,139432841,-304,1632,16016*33
$PSTM3DACC,139500924,-304,1680,16016*38
$PSTM3DACC,139569062,-288,1680,16032*3F
$PSTM3DACC,139637241,-288,1616,16048*36
$PSTM3DACC,139705490,-320,1648,16064*3A
$PSTM3DACC,139773648,-272,1664,16128*3D
$PSTM3DACC,139841861,-336,1664,16080*34
$PSTM3DACC,139910025,-304,1616,16064*37
$PSTM3DACC,139978342,-320,1696,16032*36
$PSTM3DACC,140046447,-320,1680,16080*30
$PSTM3DACC,140114667,-272,1616,16048*3B
$PSTM3DACC,140182842,-304,1696,16000*39
$PSTM3DACC,140251066,-320,1664,16096*3E
$PSTM3DACC,140319255,-304,1648,16048*3A
$PSTM3DACC,140387640,-288,1680,16080*38
$PSTM3DGYRO,139434254,-13,-9,-2,0,1*70
$PSTM3DGYRO,139502261,-11,32,-39,0,1*5D
$PSTM3DGYRO,139570424,-6,17,-1,0,1*55
$PSTM3DGYRO,139638551,-1,-7,0,0,1*6E
$PSTM3DGYRO,139706830,1,18,-5,0,1*7E
$PSTM3DGYRO,139774962,-13,9,-5,0,1*53
$PSTM3DGYRO,139843198,-15,12,11,0,1*71
$PSTM3DGYRO,139911340,-18,14,32,0,1*7A
$PSTM3DGYRO,139979726,-1,16,-2,0,1*54
$PSTM3DGYRO,140047766,4,6,-11,0,1*71
$PSTM3DGYRO,140116000,-28,6,-26,0,1*64
$PSTM3DGYRO,140184156,-20,19,-2,0,1*6D
$PSTM3DGYRO,140252391,3,-25,-24,0,1*66
$PSTM3DGYRO,140320570,3,30,-7,0,1*73
$PSTM3DGYRO,140389025,27,-1,26,0,1*42
$PSTMDRGPS,19.033694169,-98.314584046,0.00000,0.00000,99.000,99.000,99.000,0.000,0.000,0.00000*54
$GPRMC,122507.000,V,1902.0217,N,09818.8750,W,0.0,0.0,131216,,,E*66
$GPGGA,122507.000,1902.0217,N,09818.8750,W,0,00,99.0,2139.78,M,-9.1,M,,*63
$GPVTG,0.0,T,,M,0.0,N,0.0,K,E*09
$GNGSA,A,1,,,,,,,,,,,,,99.0,99.0,99.0*1E
$GNGSA,A,1,,,,,,,,,,,,,99.0,99.0,99.0*1E
$GPGSV,3,1,12,02,45,011,,05,78,147,,06,18,042,,12,67,295,*76
$GPGSV,3,2,12,13,11,160,,15,04,192,,17,13,101,,19,23,090,*70
$GPGSV,3,3,12,20,30,213,,24,15,224,,25,28,318,,29,06,311,*74
$GLGSV,3,1,10,74,04,326,,73,31,283,,82,25,049,,73,34,274,*6B
$GLGSV,3,2,10,84,04,301,,83,29,349,,67,29,045,,68,56,117,*60
$GLGSV,3,3,10,80,28,218,,69,25,178,,,,,,,,,*6B
$PSTM3DACC,140455825,-320,1728,16016*32
$PSTM3DACC,140523965,-256,1696,16016*33
$PSTM3DACC,140592049,-256,1648,16016*3D
$PSTM3DACC,140660284,-320,1680,16032*32
$PSTM3DACC,140728453,-320,1680,16048*3E
$PSTM3DACC,140796853,-288,1648,16064*3E
$PSTM3DACC,140864857,-304,1632,16048*3E
$PSTM3DACC,140933159,-304,1696,16016*3F
$PSTM3DACC,141001266,-320,1680,16016*38
$PSTM3DACC,141069531,-288,1664,16000*3D
$PSTM3DACC,141137689,-304,1664,16032*33
$PSTM3DACC,141205886,-336,1648,16016*39
$PSTM3DACC,141274065,-304,1648,16064*3E
$PSTM3DACC,141342374,-304,1680,16000*3F
$PSTM3DACC,141410667,-288,1664,16000*37
$PSTM3DGYRO,140457194,-1,9,-17,0,1*5E
$PSTM3DGYRO,140525307,-11,4,15,0,1*41
$PSTM3DGYRO,140593364,-22,11,0,0,1*49
$PSTM3DGYRO,140661617,7,32,-27,0,1*45
$PSTM3DGYRO,140729768,-1,18,-5,0,1*52
$PSTM3DGYRO,140798260,2,26,-25,0,1*44
$PSTM3DGYRO,140866194,7,6,-1,0,1*43
$PSTM3DGYRO,140934487,8,8,-38,0,1*79
$PSTM3DGYRO,141002586,-3,19,-11,0,1*69
$PSTM3DGYRO,141070873,-29,16,-15,0,1*58
$PSTM3DGYRO,141139017,13,-3,-19,0,1*6F
$PSTM3DGYRO,141207196,0,44,-11,0,1*4D
$PSTM3DGYRO,141275393,-3,-12,9,0,1*5B
$PSTM3DGYRO,141343747,-19,14,10,0,1*7A
$PSTM3DGYRO,141412103,19,25,-24,0,1*7A
$PSTM3DGYRO,141480300,6,8,-36,0,1*72
$PSTMDRGPS,19.033694169,-98.314584046,0.00000,0.00000,99.000,99.000,99.000,0.000,0.000,0.00000*54
$GPRMC,122508.000,V,1902.0217,N,09818.8750,W,0.0,0.0,131216,,,E*69
$GPGGA,122508.000,1902.0217,N,09818.8750,W,0,00,99.0,2139.78,M,-9.1,M,,*6C
$GPVTG,0.0,T,,M,0.0,N,0.0,K,E*09
$GNGSA,A,1,,,,,,,,,,,,,99.0,99.0,99.0*1E
$GNGSA,A,1,,,,,,,,,,,,,99.0,99.0,99.0*1E
$GPGSV,3,1,12,02,45,011,,05,78,147,,06,18,042,,12,67,295,*76
$GPGSV,3,2,12,13,11,160,,15,04,192,,17,13,101,,19,23,090,*70
$GPGSV,3,3,12,20,30,213,,24,15,224,,25,28,318,,29,06,311,*74
$GLGSV,3,1,10,74,04,326,,73,31,283,,82,25,049,,73,34,274,*6B
$GLGSV,3,2,10,84,04,301,,83,29,349,,67,29,045,,68,56,117,*60
$GLGSV,3,3,10,80,28,218,,69,25,178,,,,,,,,,*6B
$PSTM3DACC,141478891,-320,1664,16080*35
$PSTM3DACC,141546977,-336,1664,16032*3E
$PSTM3DACC,141615207,-304,1664,16016*30
$PSTM3DACC,141683341,-304,1664,16000*3B
$PSTM3DACC,141751488,-320,1632,16048*3E
$PSTM3DACC,141819716,-352,1728,16016*3D
$PSTM3DACC,141887905,-288,1648,16048*3C
$PSTM3DACC,141956164,-400,1648,16048*38
$PSTM3DACC,142024287,-304,1648,16064*34
$PSTM3DACC,142092489,-336,1616,16064*3B
$PSTM3DACC,142160705,-288,1664,16064*31
$PSTM3DACC,142228906,-256,1680,16128*33
$PSTM3DACC,142297095,-304,1696,16080*36
$PSTM3DACC,142365306,-288,1664,16096*3C
$PSTM3DACC,142433675,-320,1664,16112*37
$PSTM3DGYRO,141548358,-7,14,-15,0,1*6A
$PSTM3DGYRO,141616589,-4,19,-28,0,1*68
$PSTM3DGYRO,141684697,-20,17,-14,0,1*58
$PSTM3DGYRO,141752798,20,-27,-4,0,1*6E
$PSTM3DGYRO,141821035,-6,-4,-14,0,1*7C
$PSTM3DGYRO,141889228,0,-35,-14,0,1*69
$PSTM3DGYRO,141957511,-39,-2,-19,0,1*48
$PSTM3DGYRO,142025602,-12,10,-31,0,1*5B
$PSTM3DGYRO,142093800,-8,14,-37,0,1*63
$PSTM3DGYRO,142162034,0,-1,8,0,1*4E
$PSTM3DGYRO,142230230,-7,15,0,0,1*76
$PSTM3DGYRO,142298410,9,-8,-9,0,1*66
$PSTM3DGYRO,142366635,-20,6,-16,0,1*68
$PSTM3DGYRO,142435120,-6,-21,-5,0,1*74
$PSTMDRGPS,19.033694169,-98.314584046,0.00000,0.00000,99.000,99.000,99.000,0.000,0.000,0.00000*54
$GPRMC,122509.000,V,1902.0217,N,09818.8750,W,0.0,0.0,131216,,,E*68
$GPGGA,122509.000,1902.0217,N,09818.8750,W,0,00,99.0,2139.78,M,-9.1,M,,*6D
$GPVTG,0.0,T,,M,0.0,N,0.0,K,E*09
$GNGSA,A,1,,,,,,,,,,,,,99.0,99.0,99.0*1E
$GNGSA,A,1,,,,,,,,,,,,,99.0,99.0,99.0*1E
$GPGSV,3,1,12,02,45,011,,05,78,147,,06,18,042,,12,67,295,*76
$GPGSV,3,2,12,13,11,160,,15,04,192,,17,13,101,,19,23,090,*70
$GPGSV,3,3,12,20,30,213,,24,15,224,,25,28,318,,29,06,311,*74
$GLGSV,3,1,10,74,04,326,,73,31,283,,82,25,049,,73,34,274,*6B
$GLGSV,3,2,10,84,04,301,,83,29,349,,67,29,045,,68,56,117,*60
$GLGSV,3,3,10,80,28,218,,69,25,178,,,,,,,,,*6B
$PSTM3DACC,142501916,-304,1632,16064*38
$PSTM3DACC,142569976,-304,1712,16032*30
$PSTM3DACC,142638105,-304,1648,16064*36
$PSTM3DACC,142706375,-336,1632,16048*3D
$PSTM3DACC,142774549,-320,1696,15984*32
$PSTM3DACC,142842956,-304,1632,16032*35
$PSTM3DACC,142910949,-304,1584,16048*3E
$PSTM3DACC,142979273,-320,1664,16032*35
$PSTM3DACC,143047343,-288,1664,16032*31
$PSTM3DACC,143115523,-304,1616,16016*31
$PSTM3DACC,143183727,-320,1648,16080*3A
$PSTM3DACC,143251991,-240,1664,16064*36
$PSTM3DACC,143320158,-320,1696,15984*32
$PSTM3DACC,143388359,-304,1664,16080*36
$PSTM3DACC,143456682,-320,1680,16016*32
$PSTM3DGYRO,142503323,-19,-2,-4,0,1*7F
$PSTM3DGYRO,142571331,14,22,8,0,1*67
$PSTM3DGYRO,142639415,-12,33,-16,0,1*50
$PSTM3DGYRO,142707711,12,-8,-18,0,1*6D
$PSTM3DGYRO,142775881,-3,-12,-17,0,1*47
$PSTM3DGYRO,142844367,7,16,-29,0,1*44
$PSTM3DGYRO,142912292,-11,-2,10,0,1*68
$PSTM3DGYRO,142980627,-25,-10,-14,0,1*74
$PSTM3DGYRO,143048667,-12,3,7,0,1*78
$PSTM3DGYRO,143116838,16,-5,-29,0,1*65
$PSTM3DGYRO,143185051,10,26,11,0,1*54
$PSTM3DGYRO,143253356,25,8,-39,0,1*45
$PSTM3DGYRO,143321473,-3,1,-36,0,1*5E
$PSTM3DGYRO,143389682,7,-7,-38,0,1*5C
$PSTM3DGYRO,143458092,6,16,-16,0,1*40
$PSTMDRGPS,19.033694169,-98.314584046,0.00000,0.00000,99.000,99.000,99.000,0.000,0.000,0.00000*54
$GPRMC,122510.000,V,1902.0217,N,09818.8750,W,0.0,0.0,131216,,,E*60
$GPGGA,122510.000,1902.0217,N,09818.8750,W,0,00,99.0,2139.78,M,-9.1,M,,*65
$GPVTG,0.0,T,,M,0.0,N,0.0,K,E*09
$GNGSA,A,1,,,,,,,,,,,,,99.0,99.0,99.0*1E
$GNGSA,A,1,,,,,,,,,,,,,99.0,99.0,99.0*1E
$GPGSV,3,1,12,02,45,011,,05,78,147,,06,18,042,,12,67,295,*76
$GPGSV,3,2,12,13,11,160,,15,04,192,,17,13,101,,19,23,090,*70
$GPGSV,3,3,12,20,30,213,,24,15,224,,25,28,318,,29,06,311,*74
$GLGSV,3,1,10,74,04,326,,73,31,283,,82,25,049,,73,34,274,*6B
$GLGSV,3,2,10,84,04,301,,83,29,349,,67,29,045,,68,56,117,*60
$GLGSV,3,3,10,80,28,218,,69,25,178,,,,,,,,,*6B
$PSTM3DACC,143524939,-256,1632,16064*35
$PSTM3DACC,143593089,-368,1696,16064*39
$PSTM3DACC,143661176,-288,1680,16032*3D
$PSTM3DACC,143729443,-304,1680,16016*30
$PSTM3DACC,143797571,-336,1680,16032*32
$PSTM3DACC,143865772,-272,1664,16032*3A
$PSTM3DACC,143933960,-304,1648,16016*3D
$PSTM3DACC,144002162,-352,1696,16064*3E
$PSTM3DACC,144070422,-272,1648,16000*38
$PSTM3DACC,144138612,-304,1648,16064*36
$PSTM3DACC,144206812,-320,1680,16048*3A
$PSTM3DACC,144274953,-336,1632,16048*35
$PSTM3DACC,144343164,-304,1632,16016*36
$PSTM3DACC,144411389,-320,1664,16128*3E
$PSTM3DACC,144479723,-288,1648,16032*33
$PSTM3DGYRO,143526344,-10,16,-13,0,1*5F
$PSTM3DGYRO,143594444,0,6,-30,0,1*7D
$PSTM3DGYRO,143662522,-12,39,-23,0,1*56
$PSTM3DGYRO,143730780,22,27,10,0,1*56
$PSTM3DGYRO,143798917,-10,10,-15,0,1*54
$PSTM3DGYRO,143867101,7,10,12,0,1*65
$PSTM3DGYRO,143935336,15,-19,-18,0,1*55
$PSTM3DGYRO,144003485,43,12,7,0,1*67
$PSTM3DGYRO,144071782,19,21,-36,0,1*76
$PSTM3DGYRO,144139958,-28,17,22,0,1*70
$PSTM3DGYRO,144208141,-3,5,-26,0,1*52
$PSTM3DGYRO,144276263,29,0,1,0,1*50
$PSTM3DGYRO,144344475,-5,-4,-37,0,1*73
$PSTM3DGYRO,144412735,-3,15,10,0,1*43
$PSTM3DGYRO,144481140,234,4,11,0,1*57
$PSTMDRGPS,19.033694169,-98.314584046,0.00000,0.00000,99.000,99.000,99.000,0.000,0.000,0.00000*54
$GPRMC,122511.020,V,1902.0217,N,09818.8750,W,0.0,0.0,131216,,,E*63
$GPGGA,122511.020,1902.0217,N,09818.8750,W,0,00,99.0,2139.78,M,-9.1,M,,*66
$GPVTG,0.0,T,,M,0.0,N,0.0,K,E*09
$GNGSA,A,1,,,,,,,,,,,,,99.0,99.0,99.0*1E
$GNGSA,A,1,,,,,,,,,,,,,99.0,99.0,99.0*1E
$GPGSV,3,1,12,02,45,011,,05,78,147,,06,18,042,,12,67,295,*76
$GPGSV,3,2,12,13,11,160,,15,04,192,,17,13,101,,19,23,090,*70
$GPGSV,3,3,12,20,30,213,,24,15,224,,25,28,318,,29,06,311,*74
$GLGSV,3,1,10,74,04,326,,73,31,283,,82,25,050,,73,34,274,*63
$GLGSV,3,2,10,84,04,301,,83,29,349,,67,29,045,,68,56,117,*60
$GLGSV,3,3,10,80,28,218,,69,25,178,,,,,,,,,*6B
$PSTM3DACC,144547943,-304,1648,16064*31
$PSTM3DACC,144616026,-304,1648,16016*39
$PSTM3DACC,144684251,-288,1616,16016*3E
$PSTM3DACC,144752414,-336,1680,16064*3D
$PSTM3DACC,144820574,-304,1696,16032*35
$PSTM3DACC,144889026,-256,1616,16048*37
$PSTM3DACC,144957046,-336,1712,15984*3B
$PSTM3DACC,145025292,-240,1680,16032*30
$PSTM3DACC,145093391,-320,1664,15984*35
$PSTM3DACC,145161583,-288,1648,16016*30
$PSTM3DACC,145229840,-288,1680,16080*36
$PSTM3DACC,145297989,-288,1728,16064*3E
$PSTM3DACC,145366203,-288,1664,16048*3F
$PSTM3DACC,145434418,-288,1648,16048*3D
$PSTM3DACC,145502736,-288,1696,16000*39
$PSTM3DGYRO,144549378,-3,6,-32,0,1*5E
$PSTM3DGYRO,144617345,-1,-9,-18,0,1*70
$PSTM3DGYRO,144685583,-10,8,-31,0,1*60
$PSTM3DGYRO,144753737,-25,10,1,0,1*46
$PSTM3DGYRO,144821884,-27,30,-34,0,1*50
$PSTM3DGYRO,144890453,-20,13,-10,0,1*5C
$PSTM3DGYRO,144958402,-34,25,-17,0,1*5A
$PSTM3DGYRO,145026651,7,31,20,0,1*6E
$PSTM3DGYRO,145094710,3,37,-22,0,1*4E
$PSTM3DGYRO,145162893,8,18,21,0,1*6A
$PSTM3DGYRO,145231182,7,25,15,0,1*60
$PSTM3DGYRO,145299308,13,20,-28,0,1*71
$PSTM3DGYRO,145367513,11,-4,-13,0,1*6C
$PSTM3DGYRO,145435742,1,14,-14,0,1*40
$PSTM3DGYRO,145504166,24,20,-8,0,1*4E
$PSTM3DGYRO,145572412,-10,9,22,0,1*4D
$PSTMDRGPS,19.033694169,-98.314584046,0.00000,0.00000,99.000,99.000,99.000,0.000,0.000,0.00000*54
$GPRMC,122512.000,V,1902.0217,N,09818.8750,W,0.0,0.0,131216,,,E*62
$GPGGA,122512.000,1902.0217,N,09818.8750,W,0,00,99.0,2139.78,M,-9.1,M,,*67
$GPVTG,0.0,T,,M,0.0,N,0.0,K,E*09
$GNGSA,A,1,,,,,,,,,,,,,99.0,99.0,99.0*1E
$GNGSA,A,1,,,,,,,,,,,,,99.0,99.0,99.0*1E
$GPGSV,3,1,12,02,45,011,,05,78,147,,06,18,042,,12,67,295,*76
$GPGSV,3,2,12,13,11,160,,15,04,192,,17,13,101,,19,23,090,*70
$GPGSV,3,3,12,20,30,213,,24,15,224,,25,28,318,,29,06,311,*74
$GLGSV,3,1,10,74,04,326,,73,31,283,,82,25,050,,73,34,274,*63
$GLGSV,3,2,10,84,04,301,,83,29,349,,67,29,045,,68,56,117,*60
$GLGSV,3,3,10,80,28,218,,69,25,178,,,,,,,,,*6B
$PSTM3DACC,145571012,-336,1600,16064*35
$PSTM3DACC,145639095,-304,1616,16032*30
$PSTM3DACC,145707281,-320,1696,16032*35
$PSTM3DACC,145775597,-320,1664,16064*3E
$PSTM3DACC,145843644,-272,1664,16000*3D
$PSTM3DACC,145911851,-352,1712,16016*35
$PSTM3DACC,145980048,-304,1648,16000*37
$PSTM3DACC,146048277,-304,1664,16016*3E
$PSTM3DACC,146116416,-320,1664,16080*3C
$PSTM3DACC,146184638,-336,1632,16080*3D
$PSTM3DACC,146252811,-272,1680,15984*36
$PSTM3DACC,146321022,-336,1696,16032*3A
$PSTM3DACC,146389247,-336,1616,16016*37
$PSTM3DACC,146457417,-288,1680,16016*3B
$PSTM3DACC,146525809,-336,1680,15984*39
$PSTM3DGYRO,145640445,10,12,-62,0,1*73
$PSTM3DGYRO,145708631,32,38,-19,0,1*7B
$PSTM3DGYRO,145776961,-28,-11,2,0,1*6F
$PSTM3DGYRO,145845019,45,0,-31,0,1*40
$PSTM3DGYRO,145913212,-9,-3,-38,0,1*79
$PSTM3DGYRO,145981385,2,-12,8,0,1*75
$PSTM3DGYRO,146049644,5,8,-25,0,1*70
$PSTM3DGYRO,146117744,7,4,-4,0,1*46
$PSTM3DGYRO,146185948,-21,12,-36,0,1*50
$PSTM3DGYRO,146254122,6,2,-21,0,1*74
$PSTM3DGYRO,146322350,1,-5,-4,0,1*69
$PSTM3DGYRO,146390566,3,16,-17,0,1*4C
$PSTM3DGYRO,146458746,-19,19,-50,0,1*55
$PSTM3DGYRO,146527232,0,24,23,0,1*68
$PSTMDRGPS,19.033694169,-98.314584046,0.00000,0.00000,99.000,99.000,99.000,0.000,0.000,0.00000*54
$GPRMC,122513.000,V,1902.0217,N,09818.8750,W,0.0,0.0,131216,,,E*63
$GPGGA,122513.000,1902.0217,N,09818.8750,W,0,00,99.0,2139.78,M,-9.1,M,,*66
$GPVTG,0.0,T,,M,0.0,N,0.0,K,E*09
$GNGSA,A,1,,,,,,,,,,,,,99.0,99.0,99.0*1E
$GNGSA,A,1,,,,,,,,,,,,,99.0,99.0,99.0*1E
$GPGSV,3,1,12,02,45,011,,05,78,147,,06,18,042,,12,67,295,*76
$GPGSV,3,2,12,13,11,160,,15,04,192,,17,13,101,,19,23,090,*70
$GPGSV,3,3,12,20,30,213,,24,15,224,,25,28,318,,29,06,311,*74
$GLGSV,3,1,10,74,04,326,,73,31,283,,82,25,050,,73,34,273,*64
$GLGSV,3,2,10,84,04,301,,83,29,349,,67,29,045,,68,56,117,*60
$GLGSV,3,3,10,80,28,218,,69,25,178,,,,,,,,,*6B
$PSTM3DACC,146594085,-320,1648,15984*3C
$PSTM3DACC,146662143,-320,1632,16048*3A
$PSTM3DACC,146730232,-288,1664,16096*3A
$PSTM3DACC,146798461,-336,1632,16016*37
$PSTM3DACC,146866655,-288,1680,16048*3A
$PSTM3DACC,146935047,-288,1696,15984*35
$PSTM3DACC,147003064,-288,1616,16016*30
$PSTM3DACC,147071330,-304,1632,15984*35
$PSTM3DACC,147139498,-240,1696,15984*32
$PSTM3DACC,147207643,-304,1632,16064*33
$PSTM3DACC,147275845,-256,1648,16080*3F
$PSTM3DACC,147344124,-320,1680,16080*36
$PSTM3DACC,147412290,-304,1664,16096*35
$PSTM3DACC,147480474,-256,1648,16080*3D
$PSTM3DACC,147548776,-288,1600,16080*36
$PSTM3DGYRO,146595485,-21,34,-14,0,1*5D
$PSTM3DGYRO,146663521,23,31,-5,0,1*42
$PSTM3DGYRO,146731556,-16,13,-19,0,1*52
$PSTM3DGYRO,146799780,-7,-2,5,0,1*64
$PSTM3DGYRO,146868001,-30,0,-14,0,1*6D
$PSTM3DGYRO,146936458,-7,-2,-17,0,1*77
$PSTM3DGYRO,147004388,4,0,17,0,1*58
$PSTM3DGYRO,147072685,-4,-4,-11,0,1*7E
$PSTM3DGYRO,147140858,17,4,11,0,1*6F
$PSTM3DGYRO,147208954,11,30,-34,0,1*76
$PSTM3DGYRO,147277156,-11,-6,-2,0,1*74
$PSTM3DGYRO,147345483,-15,1,-12,0,1*66
$PSTM3DGYRO,147413642,-8,5,-27,0,1*53
$PSTM3DGYRO,147481789,-12,17,-11,0,1*53
$PSTM3DGYRO,147550168,1,11,25,0,1*64
$PSTMDRGPS,19.033694169,-98.314584046,0.00000,0.00000,99.000,99.000,99.000,0.000,0.000,0.00000*54
$GPRMC,122514.000,V,1902.0217,N,09818.8750,W,0.0,0.0,131216,,,E*64
$GPGGA,122514.000,1902.0217,N,09818.8750,W,0,00,99.0,2139.78,M,-9.1,M,,*61
$GPVTG,0.0,T,,M,0.0,N,0.0,K,E*09
$GNGSA,A,1,,,,,,,,,,,,,99.0,99.0,99.0*1E
$GNGSA,A,1,,,,,,,,,,,,,99.0,99.0,99.0*1E
$GPGSV,3,1,12,02,45,011,,05,78,147,,06,18,042,,12,67,295,*76
$GPGSV,3,2,12,13,11,160,,15,04,192,,17,13,101,,19,23,090,*70
$GPGSV,3,3,12,20,30,213,,24,15,224,,25,28,318,,29,06,311,*74
$GLGSV,3,1,10,74,04,326,,73,31,283,,82,25,050,,73,34,273,*64
$GLGSV,3,2,10,84,04,301,,83,29,349,,67,29,045,,68,56,117,*60
$GLGSV,3,3,10,80,28,218,,69,25,178,,,,,,,,,*6B
$PSTM3DACC,147617058,-288,1712,16064*3C
$PSTM3DACC,147685175,-288,1680,16016*36
$PSTM3DACC,147753267,-304,1616,16048*3D
$PSTM3DACC,147821486,-320,1680,16032*3A
$PSTM3DACC,147889704,-320,1632,16000*39
$PSTM3DACC,147957992,-336,1632,16016*3A
$PSTM3DACC,148026125,-288,1664,16048*32
$PSTM3DACC,148094309,-288,1680,16016*36
$PSTM3DACC,148162538,-304,1616,16048*3B
$PSTM3DACC,148230699,-288,1664,16080*33
$PSTM3DACC,148298905,-304,1696,15984*3D
$PSTM3DACC,148367114,-304,1632,16096*33
$PSTM3DACC,148435279,-288,1616,16080*3F
$PSTM3DACC,148503499,-336,1680,16080*38
$PSTM3DACC,148571848,-320,1648,16064*34
$PSTM3DGYRO,147618471,-9,-17,10,0,1*6E
$PSTM3DGYRO,147686539,2,-1,0,0,1*44
$PSTM3DGYRO,147754610,9,10,12,0,1*67
$PSTM3DGYRO,147822821,10,14,-13,0,1*75
$PSTM3DGYRO,147891044,10,-2,13,0,1*41
$PSTM3DGYRO,147959360,-14,0,-18,0,1*61
$PSTM3DGYRO,148027476,6,15,-15,0,1*49
$PSTM3DGYRO,148095655,-1,12,-8,0,1*52
$PSTM3DGYRO,148163902,7,23,-21,0,1*45
$PSTM3DGYRO,148232022,-17,-8,-31,0,1*40
$PSTM3DGYRO,148300237,27,17,-9,0,1*40
$PSTM3DGYRO,148368464,-42,15,2,0,1*44
$PSTM3DGYRO,148436598,6,-5,-15,0,1*50
$PSTM3DGYRO,148504823,-1,29,-20,0,1*62
$PSTM3DGYRO,148573236,-1,27,-1,0,1*51
$PSTMDRGPS,19.033694169,-98.314584046,0.00000,0.00000,99.000,99.000,99.000,0.000,0.000,0.00000*54
$GPRMC,122515.000,V,1902.0217,N,09818.8750,W,0.0,0.0,131216,,,E*65
$GPGGA,122515.000,1902.0217,N,09818.8750,W,0,00,99.0,2139.78,M,-9.1,M,,*60
$GPVTG,0.0,T,,M,0.0,N,0.0,K,E*09
$GNGSA,A,1,,,,,,,,,,,,,99.0,99.0,99.0*1E
$GNGSA,A,1,,,,,,,,,,,,,99.0,99.0,99.0*1E
$GPGSV,3,1,12,02,45,011,,05,78,147,,06,18,042,,12,67,295,*76
$GPGSV,3,2,12,13,11,160,,15,04,192,,17,13,101,,19,23,090,*70
$GPGSV,3,3,12,20,30,213,,24,15,224,,25,28,318,,29,06,311,*74
$GLGSV,3,1,10,74,04,326,,73,31,283,,82,25,050,,73,34,273,*64
$GLGSV,3,2,10,84,04,301,,83,29,349,,67,29,045,,68,56,117,*60
$GLGSV,3,3,10,80,28,218,,69,25,178,,,,,,,,,*6B
$PSTM3DACC,148640129,-304,1632,15984*34
$PSTM3DACC,148708155,-320,1616,16048*38
$PSTM3DACC,148776299,-304,1616,16048*34
$PSTM3DACC,148844511,-400,1600,16080*3D
$PSTM3DACC,148912779,-272,1648,16000*34
$PSTM3DACC,148981141,-256,1680,16016*36
$PSTM3DACC,149049116,-304,1648,16064*3F
$PSTM3DACC,149117390,-304,1664,16064*37
$PSTM3DACC,149185583,-336,1696,15984*30
$PSTM3DACC,149253703,-288,1632,16128*35
$PSTM3DACC,149321901,-288,1648,16032*3A
$PSTM3DACC,149390112,-272,1632,16064*31
$PSTM3DACC,149458346,-352,1632,16032*31
$PSTM3DACC,149526518,-336,1696,16016*3E
$PSTM3DACC,149594881,-320,1664,16016*30
$PSTM3DGYRO,148641588,-5,40,-11,0,1*65
$PSTM3DGYRO,148709501,-18,-9,-44,0,1*45
$PSTM3DGYRO,148777609,10,-3,-11,0,1*68
$PSTM3DGYRO,148845821,-4,9,-41,0,1*58
$PSTM3DGYRO,148914129,-1,3,-9,0,1*6F
$PSTM3DGYRO,148982532,-12,9,-31,0,1*6D
$PSTM3DGYRO,149050444,-10,9,-32,0,1*6B
$PSTM3DGYRO,149118727,-7,32,0,0,1*72
$PSTM3DGYRO,149186911,14,-11,-21,0,1*53
$PSTM3DGYRO,149255023,-13,2,-3,0,1*53
$PSTM3DGYRO,149323216,-28,33,-5,0,1*6B
$PSTM3DGYRO,149391454,-16,21,18,0,1*7D
$PSTM3DGYRO,149459683,-20,7,13,0,1*4C
$PSTM3DGYRO,149527837,-6,16,-37,0,1*6A
$PSTM3DGYRO,149596268,-36,28,-21,0,1*59
$PSTMDRGPS,19.033694169,-98.314584046,0.00000,0.00000,99.000,99.000,99.000,0.000,0.000,0.00000*54
$GPRMC,122535.000,V,1902.0217,N,09818.8750,W,0.0,0.0,131216,,,E*67
$GPGGA,122535.000,1902.0217,N,09818.8750,W,0,00,99.0,2139.78,M,-9.1,M,,*62
$GPVTG,0.0,T,,M,0.0,N,0.0,K,E*09
$GNGSA,A,1,,,,,,,,,,,,,99.0,99.0,99.0*1E
$GNGSA,A,1,,,,,,,,,,,,,99.0,99.0,99.0*1E
$GPGSV,3,1,12,02,45,011,,05,79,145,,06,18,043,,12,67,295,*74
$GPGSV,3,2,12,13,11,160,,15,04,192,,17,13,101,,19,23,090,*70
$GPGSV,3,3,12,20,30,213,,24,15,224,,25,28,318,,29,06,311,*74
$GLGSV,3,1,10,74,04,326,,73,31,283,,82,25,050,,73,34,273,*64
$GLGSV,3,2,10,84,04,302,,83,29,349,,67,29,044,,68,57,116,*62
$GLGSV,3,3,10,80,28,218,,69,25,178,,,,,,,,,*6B
$PSTM3DACC,169100694,-320,1712,15984*30
$PSTM3DACC,169168781,-272,1616,16048*32
$PSTM3DACC,169237019,-320,1664,16080*3A
$PSTM3DACC,169305158,-304,1680,16032*3B
$PSTM3DACC,169373310,-288,1648,16016*33
$PSTM3DACC,169441705,-352,1680,16000*30
$PSTM3DACC,169509801,-320,1712,15984*3F
$PSTM3DACC,169578050,-288,1776,16016*35
$PSTM3DACC,169646124,-304,1696,16032*35
$PSTM3DACC,169714317,-304,1712,16000*3D
$PSTM3DACC,169782529,-336,1552,16048*32
$PSTM3DACC,169850707,-320,1536,15952*38
$PSTM3DACC,169918923,-320,1584,16064*3B
$PSTM3DACC,169987132,-256,1584,16048*3B
$PSTM3DACC,170055478,-304,1696,16016*33
$PSTM3DGYRO,169102117,14,37,-13,0,1*7B
$PSTM3DGYRO,169170161,-9,1,-51,0,1*5D
$PSTM3DGYRO,169238355,-5,-13,-11,0,1*41
$PSTM3DGYRO,169306498,3,9,4,0,1*6F
$PSTM3DGYRO,169374625,-22,5,-34,0,1*62
$PSTM3DGYRO,169443095,65,-20,-490,0,1*62
$PSTM3DGYRO,169511189,52,-13,-466,0,1*65
$PSTM3DGYRO,169579454,72,-32,-466,0,1*6F
$PSTM3DGYRO,169647439,65,-19,-444,0,1*65
$PSTM3DGYRO,169715663,64,-44,-433,0,1*67
$PSTM3DGYRO,169783848,60,-13,-478,0,1*66
$PSTM3DGYRO,169852040,-57,24,38,0,1*78
$PSTM3DGYRO,169920242,-86,68,455,0,1*47
$PSTM3DGYRO,169988488,-75,39,474,0,1*4E
$PSTM3DGYRO,170056884,-75,23,463,0,1*41
$PSTM3DGYRO,170125123,-45,30,453,0,1*42
$PSTMDRGPS,19.033694169,-98.314584046,0.00000,0.00000,99.000,99.000,99.000,0.000,0.000,0.00000*54
$GPRMC,122536.000,V,1902.0217,N,09818.8750,W,0.0,0.0,131216,,,E*64
$GPGGA,122536.000,1902.0217,N,09818.8750,W,0,00,99.0,2139.78,M,-9.1,M,,*61
$GPVTG,0.0,T,,M,0.0,N,0.0,K,E*09
$GNGSA,A,1,,,,,,,,,,,,,99.0,99.0,99.0*1E
$GNGSA,A,1,,,,,,,,,,,,,99.0,99.0,99.0*1E
$GPGSV,3,1,12,02,45,011,,05,79,145,,06,18,043,,12,67,295,*74
$GPGSV,3,2,12,13,11,160,,15,04,192,,17,13,101,,19,23,090,*70
$GPGSV,3,3,12,20,30,213,,24,15,224,,25,28,318,,29,06,311,*74
$GLGSV,3,1,10,74,04,326,,73,31,283,,82,25,050,,73,34,273,*64
$GLGSV,3,2,10,84,04,302,,83,29,349,,67,29,044,,68,57,116,*62
$GLGSV,3,3,10,80,28,218,,69,25,178,,,,,,,,,*6B
$PSTM3DACC,170123726,-192,1680,16064*34
$PSTM3DACC,170191826,-256,1552,16128*3C
$PSTM3DACC,170260077,-224,1728,16016*3B
$PSTM3DACC,170328180,-256,1664,16096*3B
$PSTM3DACC,170396341,-288,1536,16160*3E
$PSTM3DACC,170464593,-224,1712,16016*3F
$PSTM3DACC,170532745,-240,1760,16064*36
$PSTM3DACC,170600934,-288,1664,16096*30
$PSTM3DACC,170669133,-160,1792,16144*33
$PSTM3DACC,170737343,-272,1792,15984*3B
$PSTM3DACC,170805569,-368,1712,16000*3F
$PSTM3DACC,170873786,-320,1568,16032*3F
$PSTM3DACC,170941980,-272,1808,15936*34
$PSTM3DACC,171010213,-304,1728,16080*33
$PSTM3DACC,171078551,-320,1568,16128*3F
$PSTM3DGYRO,170193203,-56,28,471,0,1*45
$PSTM3DGYRO,170261514,-56,20,485,0,1*49
$PSTM3DGYRO,170329512,-53,4,487,0,1*73
$PSTM3DGYRO,170397687,-75,43,470,0,1*46
$PSTM3DGYRO,170465939,-41,32,449,0,1*4D
$PSTM3DGYRO,170534088,-43,38,440,0,1*4A
$PSTM3DGYRO,170602248,-22,26,466,0,1*4E
$PSTM3DGYRO,170670462,-53,41,442,0,1*44
$PSTM3DGYRO,170738676,38,-9,-419,0,1*5C
$PSTM3DGYRO,170806892,28,-254,-466,0,1*59
$PSTM3DGYRO,170875105,63,-76,-473,0,1*63
$PSTM3DGYRO,170943290,69,-33,-457,0,1*65
$PSTM3DGYRO,171011590,64,-35,-465,0,1*67
$PSTM3DGYRO,171079951,42,-36,-426,0,1*68
$PSTM3DGYRO,171148157,27,6,-6,0,1*7E
$PSTMDRGPS,19.033694169,-98.314584046,0.00000,0.00000,99.000,99.000,99.000,0.000,0.000,0.00000*54
$GPRMC,122537.000,V,1902.0217,N,09818.8750,W,0.0,0.0,131216,,,E*65
$GPGGA,122537.000,1902.0217,N,09818.8750,W,0,00,99.0,2139.78,M,-9.1,M,,*60
$GPVTG,0.0,T,,M,0.0,N,0.0,K,E*09
$GNGSA,A,1,,,,,,,,,,,,,99.0,99.0,99.0*1E
$GNGSA,A,1,,,,,,,,,,,,,99.0,99.0,99.0*1E
$GPGSV,3,1,12,02,45,011,,05,79,145,,06,18,043,,12,67,295,*74
$GPGSV,3,2,12,13,11,160,,15,04,192,,17,13,101,,19,23,090,*70
$GPGSV,3,3,12,20,30,213,,24,15,224,,25,28,318,,29,06,311,*74
$GLGSV,3,1,10,74,04,326,,73,31,283,,82,25,050,,73,34,273,*64
$GLGSV,3,2,10,84,04,302,,83,29,349,,67,29,044,,68,57,116,*62
$GLGSV,3,3,10,80,28,218,,69,25,178,,,,,,,,,*6B
$PSTM3DACC,171146758,-272,1680,16048*3C
$PSTM3DACC,171214871,-288,1664,15984*39
$PSTM3DACC,171283077,-304,1648,16064*36
$PSTM3DACC,171351178,-320,1648,16000*32
$PSTM3DACC,171419379,-304,1648,16080*34
$PSTM3DACC,171487775,-304,1664,16016*3A
$PSTM3DACC,171555868,-256,1792,16048*32
$PSTM3DACC,171624059,-288,1696,16064*35
$PSTM3DACC,171692217,-272,1648,16000*34
$PSTM3DACC,171760387,-272,1616,16064*39
$PSTM3DACC,171828665,-192,1648,16016*30
$PSTM3DACC,171896874,-288,1568,15984*33
$PSTM3DACC,171965006,-288,1440,16064*3C
$PSTM3DACC,172033230,-304,1584,16016*3B
$PSTM3DACC,172101556,-336,1536,16032*32
$PSTM3DGYRO,171216289,-11,20,-4,0,1*68
$PSTM3DGYRO,171284468,-12,0,-6,0,1*59
$PSTM3DGYRO,171352520,0,5,-7,0,1*44
$PSTM3DGYRO,171420698,-3,0,-11,0,1*5A
$PSTM3DGYRO,171489171,12,-9,-4,0,1*54
$PSTM3DGYRO,171557237,94,-55,-568,0,1*6F
$PSTM3DGYRO,171625430,117,-41,-956,0,1*56
$PSTM3DGYRO,171693549,112,-62,-922,0,1*53
$PSTM3DGYRO,171761724,105,-56,-929,0,1*5C
$PSTM3DGYRO,171830047,129,-74,-922,0,1*50
$PSTM3DGYRO,171898229,74,-81,-903,0,1*68
$PSTM3DGYRO,171966342,45,-11,-407,0,1*66
$PSTM3DGYRO,172034590,-150,105,888,0,1*45
$PSTM3DGYRO,172102989,-141,95,909,0,1*75
$PSTMDRGPS,19.033694169,-98.314584046,0.00000,0.00000,99.000,99.000,99.000,0.000,0.000,0.00000*54
$GPRMC,122538.000,V,1902.0217,N,09818.8750,W,0.0,0.0,131216,,,E*6A
$GPGGA,122538.000,1902.0217,N,09818.8750,W,0,00,99.0,2139.78,M,-9.1,M,,*6F
$GPVTG,0.0,T,,M,0.0,N,0.0,K,E*09
$GNGSA,A,1,,,,,,,,,,,,,99.0,99.0,99.0*1E
$GNGSA,A,1,,,,,,,,,,,,,99.0,99.0,99.0*1E
$GPGSV,3,1,12,02,45,011,,05,79,145,,06,18,043,,12,67,295,*74
$GPGSV,3,2,12,13,11,160,,15,04,192,,17,13,101,,19,23,090,*70
$GPGSV,3,3,12,20,30,213,,24,15,224,,25,28,318,,29,06,311,*74
$GLGSV,3,1,10,74,04,326,,73,31,283,,82,25,050,,73,34,273,*64
$GLGSV,3,2,10,84,04,302,,83,29,349,,67,29,044,,68,57,116,*62
$GLGSV,3,3,10,80,28,218,,69,25,178,,,,,,,,,*6B
$PSTM3DACC,172169789,-304,1616,16096*32
$PSTM3DACC,172237856,-240,1712,16080*34
$PSTM3DACC,172306047,-272,1744,15968*31
$PSTM3DACC,172374185,-352,1600,16128*36
$PSTM3DACC,172442406,-240,1712,16016*36
$PSTM3DACC,172510616,-288,1680,16016*3D
$PSTM3DACC,172578896,-272,1792,16032*34
$PSTM3DACC,172647024,-288,1696,16032*3A
$PSTM3DACC,172715277,-336,1712,15984*36
$PSTM3DACC,172783443,-304,1584,16064*30
$PSTM3DACC,172851619,-352,1936,15904*37
$PSTM3DACC,172919826,-416,1632,16016*3D
$PSTM3DACC,172988014,-320,1632,16080*31
$PSTM3DACC,173056262,-368,1664,16048*32
$PSTM3DACC,173124529,-272,1632,16048*37
$PSTM3DGYRO,172171231,-126,88,903,0,1*7E
$PSTM3DGYRO,172239193,-87,48,888,0,1*4E
$PSTM3DGYRO,172307402,-107,38,931,0,1*72
$PSTM3DGYRO,172375504,-97,79,920,0,1*4D
$PSTM3DGYRO,172443729,-127,52,900,0,1*73
$PSTM3DGYRO,172511954,-107,55,883,0,1*7E
$PSTM3DGYRO,172580296,-102,59,911,0,1*70
$PSTM3DGYRO,172648367,-103,85,864,0,1*7B
$PSTM3DGYRO,172716628,-94,46,915,0,1*48
$PSTM3DGYRO,172784781,-132,72,908,0,1*77
$PSTM3DGYRO,172852947,-5,15,-139,0,1*54
$PSTM3DGYRO,172921163,101,-25,-904,0,1*5F
$PSTM3DGYRO,172989337,113,-42,-873,0,1*5D
$PSTM3DGYRO,173057617,113,-46,-873,0,1*55
$PSTM3DGYRO,173125912,108,-34,-883,0,1*5B
$PSTM3DGYRO,173194213,138,-61,-945,0,1*53
$PSTMDRGPS,19.033694169,-98.314584046,0.00000,0.00000,99.000,99.000,99.000,0.000,0.000,0.00000*54
$GPRMC,122539.000,V,1902.0217,N,09818.8750,W,0.0,0.0,131216,,,E*6B
$GPGGA,122539.000,1902.0217,N,09818.8750,W,0,00,99.0,2139.78,M,-9.1,M,,*6E
$GPVTG,0.0,T,,M,0.0,N,0.0,K,E*09
$GNGSA,A,1,,,,,,,,,,,,,99.0,99.0,99.0*1E
$GNGSA,A,1,,,,,,,,,,,,,99.0,99.0,99.0*1E
$GPGSV,3,1,12,02,45,011,,05,79,145,,06,18,043,,12,67,295,*74
$GPGSV,3,2,12,13,11,160,,15,04,192,,17,13,101,,19,23,090,*70
$GPGSV,3,3,12,20,30,213,,24,15,224,,25,28,318,,29,06,311,*74
$GLGSV,3,1,10,74,04,326,,73,31,283,,82,25,050,,73,34,273,*64
$GLGSV,3,2,10,84,04,302,,83,29,349,,67,29,044,,68,57,116,*62
$GLGSV,3,3,10,80,28,218,,69,25,178,,,,,,,,,*6B
$PSTM3DACC,173192799,-304,1680,16016*31
$PSTM3DACC,173260957,-384,1376,16080*38
$PSTM3DACC,173329144,-304,1680,16064*30
$PSTM3DACC,173397248,-336,1664,15952*3E
$PSTM3DACC,173465427,-288,1680,16048*34
$PSTM3DACC,173533863,-336,1616,16080*35
$PSTM3DACC,173601925,-304,1712,16080*30
$PSTM3DACC,173670173,-272,1648,16048*37
$PSTM3DACC,173738261,-224,1792,16064*31
$PSTM3DACC,173806471,-320,1648,16000*35
$PSTM3DACC,173874643,-256,1632,16016*39
$PSTM3DACC,173942832,-224,1744,15920*3F
$PSTM3DACC,174011051,-320,1552,16016*35
$PSTM3DACC,174079267,-192,1472,16128*38
$PSTM3DACC,174147646,2064,-336,19888*33
$PSTM3DGYRO,173262339,116,-48,-885,0,1*5A
$PSTM3DGYRO,173330526,-18,43,6,0,1*4E
$PSTM3DGYRO,173398594,-26,8,-13,0,1*6E
$PSTM3DGYRO,173466763,-18,3,2,0,1*79
$PSTM3DGYRO,173535263,-9,22,-6,0,1*51
$PSTM3DGYRO,173603301,0,-1,2,0,1*43
$PSTM3DGYRO,173671532,0,17,-7,0,1*72
$PSTM3DGYRO,173739593,78,-36,-474,0,1*65
$PSTM3DGYRO,173807808,195,-67,-1373,0,1*6F
$PSTM3DGYRO,173875962,160,-65,-1359,0,1*67
$PSTM3DGYRO,173944155,153,-97,-1311,0,1*69
$PSTM3DGYRO,174012366,167,-63,-1358,0,1*67
$PSTM3DGYRO,174080604,222,-111,-1337,0,1*52
$PSTM3DGYRO,174149100,3975,-2041,1489,0,1*76
$PSTM3DGYRO,174217279,42,-45,613,0,1*4B
$PSTMDRGPS,19.033694169,-98.314584046,0.00000,0.00000,99.000,99.000,99.000,0.000,0.000,0.00000*54
$GPRMC,122540.000,V,1902.0217,N,09818.8750,W,0.0,0.0,131216,,,E*65
$GPGGA,122540.000,1902.0217,N,09818.8750,W,0,00,99.0,2139.78,M,-9.1,M,,*60
$GPVTG,0.0,T,,M,0.0,N,0.0,K,E*09
$GNGSA,A,1,,,,,,,,,,,,,99.0,99.0,99.0*1E
$GNGSA,A,1,,,,,,,,,,,,,99.0,99.0,99.0*1E
$GPGSV,3,1,12,02,45,011,,05,79,145,,06,18,043,,12,67,295,*74
$GPGSV,3,2,12,13,11,160,,15,04,192,,17,13,101,,19,23,090,*70
$GPGSV,3,3,12,20,30,213,,24,15,224,,25,28,318,,29,06,311,*74
$GLGSV,3,1,10,74,04,326,,73,31,283,,82,25,050,,73,34,273,*64
$GLGSV,3,2,10,84,04,302,,83,29,349,,67,29,044,,68,57,116,*62
$GLGSV,3,3,10,80,28,218,,69,25,178,,,,,,,,,*6B
$PSTM3DACC,174215866,-48,1248,16192*03
$PSTM3DACC,174283941,-96,1440,16208*05
$PSTM3DACC,174352161,-64,1552,16064*05
$PSTM3DACC,174420272,-96,1632,16208*06
$PSTM3DACC,174488474,-144,1664,16016*34
$PSTM3DACC,174556686,-128,1728,16016*3A
$PSTM3DACC,174624911,-160,1632,16032*3D
$PSTM3DACC,174693058,-160,1488,16144*36
$PSTM3DACC,174761260,-176,1664,16064*37
$PSTM3DACC,174829472,-208,1648,16096*38
$PSTM3DACC,174897737,-224,1632,16064*31
$PSTM3DACC,174965885,-192,1616,16144*30
$PSTM3DACC,175034088,-96,1840,16096*0F
$PSTM3DACC,175102307,-64,1840,16048*01
$PSTM3DACC,175170666,-256,1760,15952*39
$PSTM3DGYRO,174285314,-283,187,1359,0,1*70
$PSTM3DGYRO,174353548,-198,156,1360,0,1*7A
$PSTM3DGYRO,174421591,-216,95,1398,0,1*40
$PSTM3DGYRO,174489802,-200,119,1337,0,1*72
$PSTM3DGYRO,174558024,-186,114,1349,0,1*7A
$PSTM3DGYRO,174626239,-175,128,1326,0,1*74
$PSTM3DGYRO,174694391,-171,90,1336,0,1*49
$PSTM3DGYRO,174762584,-178,117,1324,0,1*77
$PSTM3DGYRO,174830809,-173,143,1316,0,1*7C
$PSTM3DGYRO,174899097,-179,103,1276,0,1*79
$PSTM3DGYRO,174967204,-171,147,1334,0,1*7E
$PSTM3DGYRO,175035425,-96,75,836,0,1*44
$PSTM3DGYRO,175103657,45,-13,-467,0,1*6C
$PSTM3DGYRO,175172086,183,-106,-1351,0,1*5D
$PSTMDRGPS,19.033694169,-98.314584046,0.00000,0.00000,99.000,99.000,99.000,0.000,0.000,0.00000*54
$GPRMC,122541.000,V,1902.0217,N,09818.8750,W,0.0,0.0,131216,,,E*64
$GPGGA,122541.000,1902.0217,N,09818.8750,W,0,00,99.0,2139.78,M,-9.1,M,,*61
$GPVTG,0.0,T,,M,0.0,N,0.0,K,E*09
$GNGSA,A,1,,,,,,,,,,,,,99.0,99.0,99.0*1E
$GNGSA,A,1,,,,,,,,,,,,,99.0,99.0,99.0*1E
$GPGSV,3,1,12,02,45,011,,05,79,145,,06,18,043,,12,67,294,*75
$GPGSV,3,2,12,13,11,160,,15,04,192,,17,13,101,,19,23,090,*70
$GPGSV,3,3,12,20,30,213,,24,15,224,,25,28,318,,29,06,311,*74
$GLGSV,3,1,10,74,04,326,,73,31,283,,82,25,050,,73,34,273,*64
$GLGSV,3,2,10,84,04,302,,83,29,349,,67,29,044,,68,57,116,*62
$GLGSV,3,3,10,80,28,218,,69,25,178,,,,,,,,,*6B
$PSTM3DACC,175238850,-192,1632,15936*32
$PSTM3DACC,175306998,-192,1632,16112*36
$PSTM3DACC,175375174,-176,1712,15920*3B
$PSTM3DACC,175443312,-176,1552,16080*3D
$PSTM3DACC,175511488,-240,1392,16144*3A
$PSTM3DACC,175579914,-128,1616,16064*3B
$PSTM3DACC,175647976,-192,1616,16048*3E
$PSTM3DACC,175716257,-144,1616,15984*32
$PSTM3DACC,175784333,-144,1664,16064*3B
$PSTM3DACC,175852513,-176,1648,15984*30
$PSTM3DACC,175920742,-176,1600,16048*34
$PSTM3DACC,175988969,-48,1744,16000*00
$PSTM3DACC,176057108,-192,1584,16000*3F
$PSTM3DACC,176125331,-160,1632,16064*32
$PSTM3DACC,176193649,-64,1552,16080*0F
$PSTM3DGYRO,175240264,241,-126,-1353,0,1*5C
$PSTM3DGYRO,175308362,194,-111,-1375,0,1*5D
$PSTM3DGYRO,175376520,195,-88,-1370,0,1*61
$PSTM3DGYRO,175444665,194,-98,-1378,0,1*6D
$PSTM3DGYRO,175512837,88,-51,-929,0,1*60
$PSTM3DGYRO,175581297,-6,15,19,0,1*4B
$PSTM3DGYRO,175649330,-43,23,-6,0,1*67
$PSTM3DGYRO,175717684,12,3,13,0,1*65
$PSTM3DGYRO,175785705,-4,5,-31,0,1*57
$PSTM3DGYRO,175853845,-17,15,6,0,1*42
$PSTM3DGYRO,175922093,-17,16,15,0,1*77
$PSTM3DGYRO,175990341,73,-39,-529,0,1*6A
$PSTM3DGYRO,176058436,230,-114,-1775,0,1*52
$PSTM3DGYRO,176126691,288,-137,-1718,0,1*5C
$PSTM3DGYRO,176195073,67,21,-1455,0,1*7C
$PSTM3DGYRO,176263349,184,-127,-1687,0,1*57
$PSTMDRGPS,19.033694169,-98.314584046,0.00000,0.00000,99.000,99.000,99.000,0.000,0.000,0.00000*54
$GPRMC,122542.000,V,1902.0217,N,09818.8750,W,0.0,0.0,131216,,,E*67
$GPGGA,122542.000,1902.0217,N,09818.8750,W,0,00,99.0,2139.78,M,-9.1,M,,*62
$GPVTG,0.0,T,,M,0.0,N,0.0,K,E*09
$GNGSA,A,1,,,,,,,,,,,,,99.0,99.0,99.0*1E
$GNGSA,A,1,,,,,,,,,,,,,99.0,99.0,99.0*1E
$GPGSV,3,1,12,02,45,011,,05,79,145,,06,18,043,,12,67,294,*75
$GPGSV,3,2,12,13,11,160,,15,04,192,,17,13,101,,19,23,090,*70
$GPGSV,3,3,12,20,30,213,,24,15,224,,25,28,318,,29,06,311,*74
$GLGSV,3,1,10,74,04,326,,73,31,283,,82,25,050,,73,34,273,*64
$GLGSV,3,2,10,84,04,302,,83,29,349,,67,29,044,,68,57,116,*62
$GLGSV,3,3,10,80,28,218,,69,25,178,,,,,,,,,*6B
$PSTM3DACC,176261910,-96,1664,16016*06
$PSTM3DACC,176330054,-128,1568,16032*37
$PSTM3DACC,176398277,-32,1248,16208*02
$PSTM3DACC,176466331,-112,1232,16128*38
$PSTM3DACC,176534517,-64,1312,16096*0B
$PSTM3DACC,176602836,32,1568,16080*21
$PSTM3DACC,176670961,-96,1536,16016*00
$PSTM3DACC,176739131,-32,1664,16048*00
$PSTM3DACC,176807376,-112,1536,16032*39
$PSTM3DACC,176875536,-144,1552,16016*39
$PSTM3DACC,176943755,-64,1632,16000*0B
$PSTM3DACC,177011926,-144,1696,16032*32
$PSTM3DACC,177080134,-256,1664,16032*3C
$PSTM3DACC,177148357,-208,1616,15952*3C
$PSTM3DACC,177216685,-208,1616,16080*3B
$PSTM3DGYRO,176331452,285,-142,-1645,0,1*53
$PSTM3DGYRO,176399688,342,-209,-1297,0,1*59
$PSTM3DGYRO,176467673,-166,149,-36,0,1*50
$PSTM3DGYRO,176535841,-216,175,1595,0,1*72
$PSTM3DGYRO,176604223,-287,212,1742,0,1*7F
$PSTM3DGYRO,176672325,-266,177,1755,0,1*70
$PSTM3DGYRO,176740492,-243,173,1785,0,1*75
$PSTM3DGYRO,176808726,-271,149,1758,0,1*72
$PSTM3DGYRO,176876878,-279,150,1728,0,1*78
$PSTM3DGYRO,176945097,-311,176,1728,0,1*7B
$PSTM3DGYRO,177013240,-351,176,1728,0,1*7C
$PSTM3DGYRO,177081452,-195,121,1638,0,1*7A
$PSTM3DGYRO,177149681,-223,217,1214,0,1*71
$PSTM3DGYRO,177218104,-230,133,1520,0,1*7B
$PSTM3DGYRO,177286342,-215,49,1578,0,1*4A
$PSTMDRGPS,19.033694169,-98.314584046,0.00000,0.00000,99.000,99.000,99.000,0.000,0.000,0.00000*54
$GPRMC,122543.000,V,1902.0217,N,09818.8750,W,0.0,0.0,131216,,,E*66
$GPGGA,122543.000,1902.0217,N,09818.8750,W,0,00,99.0,2139.78,M,-9.1,M,,*63
$GPVTG,0.0,T,,M,0.0,N,0.0,K,E*09
$GNGSA,A,1,,,,,,,,,,,,,99.0,99.0,99.0*1E
$GNGSA,A,1,,,,,,,,,,,,,99.0,99.0,99.0*1E
$GPGSV,3,1,12,02,45,011,,05,79,145,,06,18,043,,12,67,294,*75
$GPGSV,3,2,12,13,11,160,,15,04,192,,17,13,101,,19,23,090,*70
$GPGSV,3,3,12,20,30,213,,24,15,224,,25,28,318,,29,06,311,*74
$GLGSV,3,1,10,74,04,326,,73,31,283,,82,25,050,,73,34,273,*64
$GLGSV,3,2,10,84,04,302,,83,29,349,,67,29,044,,68,57,116,*62
$GLGSV,3,3,10,80,27,218,,69,25,178,,,,,,,,,*64
$PSTM3DACC,177284932,-240,1632,16128*3A
$PSTM3DACC,177353085,-176,1872,15984*35
$PSTM3DACC,177421219,-176,1856,16080*38
$PSTM3DACC,177489426,-256,1664,15872*38
$PSTM3DACC,177557547,-160,1616,16080*39
$PSTM3DACC,177625967,-176,1792,15984*35
$PSTM3DACC,177694019,-176,1568,16080*36
$PSTM3DACC,177762258,-192,1568,15968*3F
$PSTM3DACC,177830368,-160,1408,16080*33
$PSTM3DACC,177898581,-112,1616,16080*38
$PSTM3DACC,177966794,-128,1616,16032*3E
$PSTM3DACC,178034959,-160,1616,16080*35
$PSTM3DACC,178103154,-128,1632,16064*35
$PSTM3DACC,178171489,-80,1648,15920*01
$PSTM3DACC,178239707,-160,1584,16016*38
$PSTM3DGYRO,177354480,-72,45,315,0,1*4E
$PSTM3DGYRO,177422569,128,-71,-985,0,1*59
$PSTM3DGYRO,177490753,286,-164,-1790,0,1*52
$PSTM3DGYRO,177558861,261,-195,-1777,0,1*57
$PSTM3DGYRO,177627362,243,-143,-1766,0,1*5F
$PSTM3DGYRO,177695399,260,-141,-1760,0,1*57
$PSTM3DGYRO,177763622,281,-128,-1723,0,1*5D
$PSTM3DGYRO,177831701,113,-39,-789,0,1*5D
$PSTM3DGYRO,177899923,-255,23,-4,0,1*59
$PSTM3DGYRO,177968131,-3,17,7,0,1*75
$PSTM3DGYRO,178036292,-9,8,1,0,1*40
$PSTM3DGYRO,178104469,15,35,-26,0,1*74
$PSTM3DGYRO,178172873,-23,26,-38,0,1*57
$PSTM3DGYRO,178241143,17,-6,18,0,1*44
$PSTMDRGPS,19.033694169,-98.314584046,0.00000,0.00000,99.000,99.000,99.000,0.000,0.000,0.00000*54
$GPRMC,122544.000,V,1902.0217,N,09818.8750,W,0.0,0.0,131216,,,E*61
$GPGGA,122544.000,1902.0217,N,09818.8750,W,0,00,99.0,2139.78,M,-9.1,M,,*64
$GPVTG,0.0,T,,M,0.0,N,0.0,K,E*09
$GNGSA,A,1,,,,,,,,,,,,,99.0,99.0,99.0*1E
$GNGSA,A,1,,,,,,,,,,,,,99.0,99.0,99.0*1E
$GPGSV,3,1,12,02,45,011,,05,79,145,,06,18,043,,12,67,294,*75
$GPGSV,3,2,12,13,11,160,,15,04,192,,17,13,101,,19,23,090,*70
$GPGSV,3,3,12,20,30,213,,24,15,224,,25,28,318,,29,06,311,*74
$GLGSV,3,1,10,74,04,326,,73,31,283,,82,25,050,,73,34,273,*64
$GLGSV,3,2,10,84,04,302,,83,29,349,,67,29,044,,68,57,116,*62
$GLGSV,3,3,10,80,27,218,,69,25,178,,,,,,,,,*64
$PSTM3DACC,178308001,-64,1776,15968*03
$PSTM3DACC,178376039,0,1856,16032*16
$PSTM3DACC,178444355,128,1440,16400*1C
$PSTM3DACC,178512403,-128,1616,15952*3F
$PSTM3DACC,178580572,-32,1600,16016*04
$PSTM3DACC,178648793,96,1536,16176*2C
$PSTM3DACC,178717053,-80,1360,16144*02
$PSTM3DACC,178785193,-128,1328,16208*30
$PSTM3DACC,178853384,-96,1280,16160*0A
$PSTM3DACC,178921583,0,1600,15984*10
$PSTM3DACC,178989846,-48,1616,16096*09
$PSTM3DACC,179057999,-48,1568,16080*0C
$PSTM3DACC,179126193,-96,1536,16064*0B
$PSTM3DACC,179194385,-128,1600,16064*35
$PSTM3DACC,179262728,-128,1632,16016*38
$PSTM3DGYRO,178309433,99,-53,-621,0,1*6C
$PSTM3DGYRO,178377376,229,-126,-1856,0,1*56
$PSTM3DGYRO,178445730,812,-486,-1703,0,1*54
$PSTM3DGYRO,178513739,132,-102,-2022,0,1*5A
$PSTM3DGYRO,178581918,203,-124,-2151,0,1*5C
$PSTM3DGYRO,178650121,130,-41,-1915,0,1*6B
$PSTM3DGYRO,178718427,223,-160,-1732,0,1*5D
$PSTM3DGYRO,178786525,19,-42,-356,0,1*64
$PSTM3DGYRO,178854712,-210,182,939,0,1*4A
$PSTM3DGYRO,178922906,-320,221,2238,0,1*71
$PSTM3DGYRO,178991237,-308,198,2196,0,1*7C
$PSTM3DGYRO,179059345,-310,239,2188,0,1*7A
$PSTM3DGYRO,179127525,-278,183,2216,0,1*7B
$PSTM3DGYRO,179195731,-352,230,2195,0,1*7F
$PSTM3DGYRO,179264173,-429,239,2160,0,1*7A
$PSTM3DGYRO,179332417,-476,211,1998,0,1*73
$PSTMDRGPS,19.033694169,-98.314584046,0.00000,0.00000,99.000,99.000,99.000,0.000,0.000,0.00000*54
$GPRMC,122545.000,V,1902.0217,N,09818.8750,W,0.0,0.0,131216,,,E*60
$GPGGA,122545.000,1902.0217,N,09818.8750,W,0,00,99.0,2139.78,M,-9.1,M,,*65
$GPVTG,0.0,T,,M,0.0,N,0.0,K,E*09
$GNGSA,A,1,,,,,,,,,,,,,99.0,99.0,99.0*1E
$GNGSA,A,1,,,,,,,,,,,,,99.0,99.0,99.0*1E
$GPGSV,3,1,12,02,45,011,,05,79,145,,06,18,043,,12,67,294,*75
$GPGSV,3,2,12,13,11,160,,15,04,192,,17,13,101,,19,23,090,*70
$GPGSV,3,3,12,20,30,213,,24,15,224,,25,28,318,,29,06,311,*74
$GLGSV,3,1,10,74,04,326,,73,31,283,,82,25,050,,73,34,273,*64
$GLGSV,3,2,10,84,04,302,,83,29,349,,67,29,044,,68,57,116,*62
$GLGSV,3,3,10,80,27,218,,69,25,178,,,,,,,,,*64
$PSTM3DACC,179330985,-512,2032,15424*39
$PSTM3DACC,179399141,-192,1792,16064*3B
$PSTM3DACC,179467266,-192,1648,16080*37
$PSTM3DACC,179535423,-208,1728,16016*3E
$PSTM3DACC,179603675,-288,1456,16208*36
$PSTM3DACC,179672039,-432,1888,15872*32
$PSTM3DACC,179740098,-240,1920,15952*3A
$PSTM3DACC,179808328,-256,1808,15984*36
$PSTM3DACC,179876545,-176,1600,16032*32
$PSTM3DACC,179944671,-224,1680,16016*3C
$PSTM3DACC,180012861,-240,1632,15984*35
$PSTM3DACC,180081088,-240,1648,16032*3A
$PSTM3DACC,180149256,64,1408,16336*26
$PSTM3DACC,180217511,-208,1440,16064*37
$PSTM3DACC,180285827,-96,1552,16064*03
$PSTM3DGYRO,179400532,-256,110,1962,0,1*70
$PSTM3DGYRO,179468607,-259,118,1998,0,1*79
$PSTM3DGYRO,179536772,-272,164,2080,0,1*71
$PSTM3DGYRO,179605039,-366,265,1564,0,1*70
$PSTM3DGYRO,179673444,183,-142,523,0,1*42
$PSTM3DGYRO,179741449,63,-43,-106,0,1*6E
$PSTM3DGYRO,179809669,278,-129,-1465,0,1*59
$PSTM3DGYRO,179877913,318,-175,-2216,0,1*5D
$PSTM3DGYRO,179946003,337,-210,-2224,0,1*5A
$PSTM3DGYRO,180014241,270,-128,-2107,0,1*5E
$PSTM3DGYRO,180082486,422,-183,-2059,0,1*56
$PSTM3DGYRO,180150579,719,-422,-1778,0,1*5B
$PSTM3DGYRO,180218865,117,-52,-747,0,1*52
$PSTM3DGYRO,180287209,-12,28,32,0,1*75
$PSTM3DGYRO,180355459,-46,14,4,0,1*43
$PSTMDRGPS,19.033694169,-98.314584046,0.00000,0.00000,99.000,99.000,99.000,0.000,0.000,0.00000*54
$GPRMC,122546.000,V,1902.0217,N,09818.8750,W,0.0,0.0,131216,,,E*63
$GPGGA,122546.000,1902.0217,N,09818.8750,W,0,00,99.0,2139.78,M,-9.1,M,,*66
$GPVTG,0.0,T,,M,0.0,N,0.0,K,E*09
$GNGSA,A,1,,,,,,,,,,,,,99.0,99.0,99.0*1E
$GNGSA,A,1,,,,,,,,,,,,,99.0,99.0,99.0*1E
$GPGSV,3,1,12,02,45,011,,05,79,145,,06,18,043,,12,67,294,*75
$GPGSV,3,2,12,13,11,160,,15,04,192,,17,13,101,,19,23,090,*70
$GPGSV,3,3,12,20,30,213,,24,15,224,,25,28,318,,29,06,311,*74
$GLGSV,3,1,10,74,04,326,,73,31,283,,82,25,050,,73,34,273,*64
$GLGSV,3,2,10,84,04,302,,83,29,349,,67,29,044,,68,57,116,*62
$GLGSV,3,3,10,80,27,218,,69,25,178,,,,,,,,,*64
$PSTM3DACC,180354073,-112,1552,16080*30
$PSTM3DACC,180422150,-64,1568,16128*0C
$PSTM3DACC,180490367,-128,1568,16064*33
$PSTM3DACC,180558471,-96,1600,16032*0C
$PSTM3DACC,180626642,-112,1600,16016*3F
$PSTM3DACC,180694865,-48,1792,15952*03
$PSTM3DACC,180763113,-48,1792,15984*09
$PSTM3DACC,180831265,-96,1600,15984*0A
$PSTM3DACC,180899513,192,1344,16336*13
$PSTM3DACC,180967642,-80,1632,15872*07
$PSTM3DACC,181035925,-48,1616,15920*02
$PSTM3DACC,181104070,-80,1376,16080*0F
$PSTM3DACC,181172267,-48,1312,16192*0E
$PSTM3DACC,181240450,-144,1392,16032*30
$PSTM3DACC,181308802,-48,1296,16096*00
$PSTM3DGYRO,180423528,14,13,-7,0,1*41
$PSTM3DGYRO,180491796,-27,24,-11,0,1*51
$PSTM3DGYRO,180559831,-8,31,8,0,1*7A
$PSTM3DGYRO,180627984,11,22,-4,0,1*49
$PSTM3DGYRO,180696198,106,-39,-608,0,1*5C
$PSTM3DGYRO,180764499,383,-140,-1793,0,1*56
$PSTM3DGYRO,180832629,194,-114,-2425,0,1*5B
$PSTM3DGYRO,180900873,25,-75,-1532,0,1*53
$PSTM3DGYRO,180968965,152,-52,-2647,0,1*6D
$PSTM3DGYRO,181037276,350,-257,-2615,0,1*56
$PSTM3DGYRO,181105407,332,-230,-2147,0,1*53
$PSTM3DGYRO,181173590,35,-4,-821,0,1*57
$PSTM3DGYRO,181241783,-94,82,514,0,1*46
$PSTM3DGYRO,181310209,-298,221,2027,0,1*76
$PSTMDRGPS,19.033694169,-98.314584046,0.00000,0.00000,99.000,99.000,99.000,0.000,0.000,0.00000*54
$GPRMC,122547.000,V,1902.0217,N,09818.8750,W,0.0,0.0,131216,,,E*62
$GPGGA,122547.000,1902.0217,N,09818.8750,W,0,00,99.0,2139.78,M,-9.1,M,,*67
$GPVTG,0.0,T,,M,0.0,N,0.0,K,E*09
$GNGSA,A,1,,,,,,,,,,,,,99.0,99.0,99.0*1E
$GNGSA,A,1,,,,,,,,,,,,,99.0,99.0,99.0*1E
$GPGSV,3,1,12,02,45,011,,05,79,145,,06,18,043,,12,67,294,*75
$GPGSV,3,2,12,13,11,160,,15,04,191,,17,13,101,,19,23,090,*73
$GPGSV,3,3,12,20,30,213,,24,15,224,,25,28,318,,29,06,311,*74
$GLGSV,3,1,10,74,04,326,,73,31,283,,82,25,050,,73,34,273,*64
$GLGSV,3,2,10,84,04,302,,83,29,349,,67,29,044,,68,57,116,*62
$GLGSV,3,3,10,80,27,218,,69,26,178,,,,,,,,,*67
$PSTM3DACC,181377083,0,1552,16144*19
$PSTM3DACC,181445156,-48,1536,16048*08
$PSTM3DACC,181513367,-80,1584,16080*03
$PSTM3DACC,181581582,-112,1568,16048*39
$PSTM3DACC,181649788,-144,1648,15952*35
$PSTM3DACC,181718085,-208,1744,15904*3F
$PSTM3DACC,181786120,-48,1584,16224*04
$PSTM3DACC,181854374,-192,1648,16080*3E
$PSTM3DACC,181922595,-240,1744,16128*35
$PSTM3DACC,181990703,176,1536,16640*14
$PSTM3DACC,182058902,-240,1936,15984*36
$PSTM3DACC,182127128,-256,1744,16016*32
$PSTM3DACC,182195300,-208,1904,16000*35
$PSTM3DACC,182263550,-192,1904,16048*30
$PSTM3DACC,182331883,-288,1664,16080*30
$PSTM3DGYRO,181378546,-388,286,2670,0,1*7D
$PSTM3DGYRO,181446542,-368,255,2623,0,1*75
$PSTM3DGYRO,181514724,-374,244,2678,0,1*72
$PSTM3DGYRO,181582950,-385,250,2612,0,1*77
$PSTM3DGYRO,181651153,-492,281,2524,0,1*7A
$PSTM3DGYRO,181719472,-256,151,2328,0,1*7B
$PSTM3DGYRO,181787487,-455,137,2072,0,1*7F
$PSTM3DGYRO,181855737,-403,188,2272,0,1*72
$PSTM3DGYRO,181923991,-341,188,2613,0,1*72
$PSTM3DGYRO,181992070,-669,453,1598,0,1*71
$PSTM3DGYRO,182060234,-139,46,1857,0,1*48
$PSTM3DGYRO,182128492,-8,10,594,0,1*7C
$PSTM3DGYRO,182196618,132,-74,-601,0,1*51
$PSTM3DGYRO,182264936,342,-188,-1867,0,1*54
$PSTM3DGYRO,182333281,474,-280,-2647,0,1*56
$PSTM3DGYRO,182401548,367,-192,-2681,0,1*5D
$PSTMDRGPS,19.033694169,-98.314584046,0.00000,0.00000,99.000,99.000,99.000,0.000,0.000,0.00000*54
$GPRMC,122548.000,V,1902.0217,N,09818.8750,W,0.0,0.0,131216,,,E*6D
$GPGGA,122548.000,1902.0217,N,09818.8750,W,0,00,99.0,2139.78,M,-9.1,M,,*68
$GPVTG,0.0,T,,M,0.0,N,0.0,K,E*09
$GNGSA,A,1,,,,,,,,,,,,,99.0,99.0,99.0*1E
$GNGSA,A,1,,,,,,,,,,,,,99.0,99.0,99.0*1E
$GPGSV,3,1,12,02,45,011,,05,79,145,,06,18,043,,12,67,294,*75
$GPGSV,3,2,12,13,11,160,,15,04,191,,17,13,101,,19,23,090,*73
$GPGSV,3,3,12,20,30,213,,24,15,224,,25,28,318,,29,06,311,*74
$GLGSV,3,1,10,74,04,326,,73,31,283,,82,25,050,,73,34,273,*64
$GLGSV,3,2,10,84,04,302,,83,29,349,,67,29,044,,68,57,116,*62
$GLGSV,3,3,10,80,27,218,,69,26,178,,,,,,,,,*67
$PSTM3DACC,182400130,-208,1568,16080*33
$PSTM3DACC,182468197,-352,1648,15984*31
$PSTM3DACC,182536462,-320,1552,15872*31
$PSTM3DACC,182604559,-240,1536,15920*39
$PSTM3DACC,182672732,-128,1424,16112*32
$PSTM3DACC,182740930,-96,1632,16016*0A
$PSTM3DACC,182809186,-128,1664,16096*32
$PSTM3DACC,182877322,-128,1616,16000*3D
$PSTM3DACC,182945495,-112,1600,16016*3F
$PSTM3DACC,183013698,-96,1600,16032*00
$PSTM3DACC,183081922,-80,1616,16032*05
$PSTM3DACC,183150165,-48,1824,15936*06
$PSTM3DACC,183218340,-32,1744,16000*07
$PSTM3DACC,183286542,-160,1632,15936*3D
$PSTM3DACC,183354884,-144,1632,15952*30
$PSTM3DGYRO,182469574,474,-235,-2485,0,1*51
$PSTM3DGYRO,182537875,534,-185,-2523,0,1*57
$PSTM3DGYRO,182605919,155,-70,-1653,0,1*61
$PSTM3DGYRO,182674074,30,-20,-582,0,1*6C
$PSTM3DGYRO,182742262,-38,40,1,0,1*40
$PSTM3DGYRO,182810567,-20,36,-9,0,1*67
$PSTM3DGYRO,182878676,-7,2,-19,0,1*59
$PSTM3DGYRO,182946832,-20,8,5,0,1*74
$PSTM3DGYRO,183015013,12,0,13,0,1*62
$PSTM3DGYRO,183083254,14,-14,12,0,1*73
$PSTM3DGYRO,183151520,91,-54,-609,0,1*61
$PSTM3DGYRO,183219681,269,-158,-1838,0,1*53
$PSTM3DGYRO,183287870,462,-179,-2453,0,1*58
$PSTM3DGYRO,183356307,-132,124,-2501,0,1*50
$PSTM3DGYRO,183424480,232,-155,-3032,0,1*5B
$PSTMDRGPS,19.033694169,-98.314584046,0.00000,0.00000,99.000,99.000,99.000,0.000,0.000,0.00000*54
$GPRMC,122549.000,V,1902.0217,N,09818.8750,W,0.0,0.0,131216,,,E*6C
$GPGGA,122549.000,1902.0217,N,09818.8750,W,0,00,99.0,2139.78,M,-9.1,M,,*69
$GPVTG,0.0,T,,M,0.0,N,0.0,K,E*09
$GNGSA,A,1,,,,,,,,,,,,,99.0,99.0,99.0*1E
$GNGSA,A,1,,,,,,,,,,,,,99.0,99.0,99.0*1E
$GPGSV,3,1,12,02,45,011,,05,79,145,,06,18,043,,12,67,294,*75
$GPGSV,3,2,12,13,11,160,,15,04,191,,17,13,101,,19,23,090,*73
$GPGSV,3,3,12,20,30,213,,24,15,224,,25,28,318,,29,06,311,*74
$GLGSV,3,1,10,74,04,326,,73,31,283,,82,25,050,,73,34,273,*64
$GLGSV,3,2,10,84,04,302,,83,29,349,,67,29,044,,68,57,116,*62
$GLGSV,3,3,10,80,27,218,,69,26,178,,,,,,,,,*67
$PSTM3DACC,183423076,-16,1440,16048*02
$PSTM3DACC,183491282,0,1472,16016*12
$PSTM3DACC,183559359,-48,1424,16080*0D
$PSTM3DACC,183627597,-112,1312,16000*37
$PSTM3DACC,183695726,-32,1440,15952*08
$PSTM3DACC,183764145,-80,1200,16080*0A
$PSTM3DACC,183832225,0,1344,16144*1E
$PSTM3DACC,183900446,16,1536,16112*2A
$PSTM3DACC,183968577,-32,1616,15984*09
$PSTM3DACC,184036741,-112,1584,16064*34
$PSTM3DACC,184104956,-128,1616,16016*38
$PSTM3DACC,184173297,-256,1664,15952*3B
$PSTM3DACC,184241390,-352,1680,16032*3C
$PSTM3DACC,184309562,-208,1600,16128*36
$PSTM3DACC,184377930,-368,1536,15920*36
$PSTM3DGYRO,183492725,286,-183,-3067,0,1*5E
$PSTM3DGYRO,183560691,383,-250,-2568,0,1*5E
$PSTM3DGYRO,183628948,19,-213,-1073,0,1*61
$PSTM3DGYRO,183697073,-64,53,227,0,1*47
$PSTM3DGYRO,183765518,-279,190,1566,0,1*70
$PSTM3DGYRO,183833602,-390,290,2907,0,1*79
$PSTM3DGYRO,183901801,-414,296,3103,0,1*74
$PSTM3DGYRO,183969930,-423,275,3070,0,1*75
$PSTM3DGYRO,184038069,-456,286,3039,0,1*79
$PSTM3DGYRO,184106317,-581,325,2882,0,1*75
$PSTM3DGYRO,184174665,-179,119,2851,0,1*70
$PSTM3DGYRO,184242762,-601,317,2163,0,1*7C
$PSTM3DGYRO,184310894,-380,224,2947,0,1*7F
$PSTM3DGYRO,184379336,-568,145,2311,0,1*7E
$PSTM3DGYRO,184447554,-664,415,2265,0,1*7B
$PSTMDRGPS,19.033694169,-98.314584046,0.00000,0.00000,99.000,99.000,99.000,0.000,0.000,0.00000*54
$GPRMC,122550.000,V,1902.0217,N,09818.8750,W,0.0,0.0,131216,,,E*64
$GPGGA,122550.000,1902.0217,N,09818.8750,W,0,00,99.0,2139.78,M,-9.1,M,,*61
$GPVTG,0.0,T,,M,0.0,N,0.0,K,E*09
$GNGSA,A,1,,,,,,,,,,,,,99.0,99.0,99.0*1E
$GNGSA,A,1,,,,,,,,,,,,,99.0,99.0,99.0*1E
$GPGSV,3,1,12,02,45,011,,05,79,145,,06,18,043,,12,67,294,*75
$GPGSV,3,2,12,13,11,160,,15,04,191,,17,13,101,,19,23,090,*73
$GPGSV,3,3,12,20,30,213,,24,15,224,,25,28,318,,29,06,311,*74
$GLGSV,3,1,10,74,04,326,,73,31,283,,82,25,050,,73,34,273,*64
$GLGSV,3,2,10,84,04,302,,83,29,349,,67,29,044,,68,57,116,*62
$GLGSV,3,3,10,80,27,218,,69,26,178,,,,,,,,,*67
$PSTM3DACC,184446145,-480,1568,15872*35
$PSTM3DACC,184514314,-256,1968,15904*34
$PSTM3DACC,184582399,-224,1808,16144*33
$PSTM3DACC,184650670,-256,1872,16000*34
$PSTM3DACC,184718748,-240,1968,15984*38
$PSTM3DACC,184786994,-192,1808,16064*3F
$PSTM3DACC,184855219,-256,1616,16096*37
$PSTM3DACC,184923395,-208,1664,16016*34
$PSTM3DACC,184991652,64,1600,16240*25
$PSTM3DACC,185059785,240,1360,16448*1B
$PSTM3DACC,185127973,-144,1568,16032*39
$PSTM3DACC,185196238,-160,1424,16064*3B
$PSTM3DACC,185264369,-112,1568,15968*3A
$PSTM3DACC,185332580,-128,1552,16096*32
$PSTM3DACC,185400948,-48,1536,16080*0E
$PSTM3DGYRO,184515734,-336,103,2823,0,1*71
$PSTM3DGYRO,184583741,2,42,263,0,1*5D
$PSTM3DGYRO,184652041,-6,3,77,0,1*7E
$PSTM3DGYRO,184720067,237,-152,-1101,0,1*57
$PSTM3DGYRO,184788318,336,-192,-2505,0,1*51
$PSTM3DGYRO,184856574,537,-267,-3047,0,1*5D
$PSTM3DGYRO,184924742,313,-201,-2818,0,1*5D
$PSTM3DGYRO,184993020,43,-8,-2235,0,1*6A
$PSTM3DGYRO,185061118,863,-504,-2302,0,1*53
$PSTM3DGYRO,185129314,178,-99,-1780,0,1*6F
$PSTM3DGYRO,185197597,77,-42,-672,0,1*62
$PSTM3DGYRO,185265706,-34,7,33,0,1*4E
$PSTM3DGYRO,185333912,2,-18,-10,0,1*60
$PSTM3DGYRO,185402372,-35,30,-2,0,1*64
$PSTMDRGPS,19.033694169,-98.314584046,0.00000,0.00000,99.000,99.000,99.000,0.000,0.000,0.00000*54
$GPRMC,122551.000,V,1902.0217,N,09818.8750,W,0.0,0.0,131216,,,E*65
$GPGGA,122551.000,1902.0217,N,09818.8750,W,0,00,99.0,2139.78,M,-9.1,M,,*60
$GPVTG,0.0,T,,M,0.0,N,0.0,K,E*09
$GNGSA,A,1,,,,,,,,,,,,,99.0,99.0,99.0*1E
$GNGSA,A,1,,,,,,,,,,,,,99.0,99.0,99.0*1E
$GPGSV,3,1,12,02,45,011,,05,79,145,,06,18,043,,12,67,294,*75
$GPGSV,3,2,12,13,11,160,,15,04,191,,17,13,102,,19,23,090,*70
$GPGSV,3,3,12,20,30,213,,24,15,224,,25,28,318,,29,06,311,*74
$GLGSV,3,1,10,74,04,326,,73,31,283,,82,25,050,,73,34,273,*64
$GLGSV,3,2,10,84,04,302,,83,29,349,,67,29,044,,68,57,116,*62
$GLGSV,3,3,10,80,27,218,,69,26,178,,,,,,,,,*67
$PSTM3DACC,185469150,-96,1600,16064*0F
$PSTM3DACC,185537311,-64,1552,16064*0B
$PSTM3DACC,185605432,-48,1568,16000*0A
$PSTM3DACC,185673685,0,1712,16000*1B
$PSTM3DACC,185741820,192,1632,16384*1C
$PSTM3DACC,185810201,304,1568,16304*17
$PSTM3DACC,185878331,-48,1568,15920*02
$PSTM3DACC,185946511,64,1536,16064*28
$PSTM3DACC,186014627,0,1536,16080*1B
$PSTM3DACC,186082798,0,1296,16016*13
$PSTM3DACC,186150998,32,1344,16128*20
$PSTM3DACC,186219295,-64,1360,15984*0D
$PSTM3DACC,186287439,-64,1216,16192*06
$PSTM3DACC,186355635,-96,1280,16064*0C
$PSTM3DACC,186423988,-16,1616,16000*02
$PSTM3DGYRO,185470531,-22,14,-8,0,1*6A
$PSTM3DGYRO,185538693,13,21,-17,0,1*7B
$PSTM3DGYRO,185606769,15,16,17,0,1*5E
$PSTM3DGYRO,185675022,109,-58,-727,0,1*50
$PSTM3DGYRO,185743148,745,-449,-1671,0,1*50
$PSTM3DGYRO,185811609,123,-95,-2647,0,1*6F
$PSTM3DGYRO,185879713,351,-271,-3083,0,1*5B
$PSTM3DGYRO,185947875,285,-215,-3325,0,1*5D
$PSTM3DGYRO,186015984,364,-303,-3499,0,1*57
$PSTM3DGYRO,186084143,249,-122,-2901,0,1*5E
$PSTM3DGYRO,186152313,167,-123,-1580,0,1*5B
$PSTM3DGYRO,186220663,-68,64,-250,0,1*68
$PSTM3DGYRO,186288776,-172,163,1063,0,1*7D
$PSTM3DGYRO,186357015,-420,308,2570,0,1*75
$PSTM3DGYRO,186425393,-447,343,3549,0,1*7F
$PSTM3DGYRO,186493636,-478,322,3517,0,1*78
$PSTMDRGPS,19.033694169,-98.314584046,0.00000,0.00000,99.000,99.000,99.000,0.000,0.000,0.00000*54
$GPRMC,122552.000,V,1902.0217,N,09818.8750,W,0.0,0.0,131216,,,E*66
$GPGGA,122552.000,1902.0217,N,09818.8750,W,0,00,99.0,2139.78,M,-9.1,M,,*63
$GPVTG,0.0,T,,M,0.0,N,0.0,K,E*09
$GNGSA,A,1,,,,,,,,,,,,,99.0,99.0,99.0*1E
$GNGSA,A,1,,,,,,,,,,,,,99.0,99.0,99.0*1E
$GPGSV,3,1,12,02,45,011,,05,79,145,,06,18,043,,12,67,294,*75
$GPGSV,3,2,12,13,11,160,,15,04,191,,17,13,102,,19,23,090,*70
$GPGSV,3,3,12,20,30,213,,24,15,224,,25,28,318,,29,06,311,*74
$GLGSV,3,1,10,74,04,326,,73,31,283,,82,25,050,,73,34,273,*64
$GLGSV,3,2,10,84,04,302,,83,29,349,,67,29,044,,68,57,116,*62
$GLGSV,3,3,10,80,27,218,,69,26,178,,,,,,,,,*67
$PSTM3DACC,186492214,-48,1600,16128*01
$PSTM3DACC,186560349,-64,1616,16096*09
$PSTM3DACC,186628555,-256,1728,15936*32
$PSTM3DACC,186696759,-176,1808,16192*30
$PSTM3DACC,186764834,-256,1616,15904*3C
$PSTM3DACC,186833074,-192,1856,15888*39
$PSTM3DACC,186901225,-192,1696,16080*3E
$PSTM3DACC,186969530,-464,1792,15872*3C
$PSTM3DACC,187037652,-304,1664,16032*3E
$PSTM3DACC,187105831,-224,1856,15984*3E
$PSTM3DACC,187174014,-176,1888,16064*34
$PSTM3DACC,187242236,-176,1872,16144*36
$PSTM3DACC,187310487,-144,2000,15872*3C
$PSTM3DACC,187378649,-192,1872,15984*3F
$PSTM3DACC,187446999,-272,1632,15872*38
$PSTM3DGYRO,186561765,-623,352,3428,0,1*75
$PSTM3DGYRO,186629927,-715,422,3196,0,1*76
$PSTM3DGYRO,186698157,-541,218,2653,0,1*70
$PSTM3DGYRO,186766167,-523,296,3290,0,1*7B
$PSTM3DGYRO,186834406,-685,225,2829,0,1*7F
$PSTM3DGYRO,186902554,0,-134,2674,0,1*73
$PSTM3DGYRO,186970916,-513,182,2811,0,1*7B
$PSTM3DGYRO,187038985,-420,191,3534,0,1*7D
$PSTM3DGYRO,187107178,-178,55,2204,0,1*4E
$PSTM3DGYRO,187175334,-126,29,739,0,1*78
$PSTM3DGYRO,187243586,173,-134,-314,0,1*6A
$PSTM3DGYRO,187311851,275,-180,-1501,0,1*52
$PSTM3DGYRO,187380009,458,-269,-2969,0,1*53
$PSTM3DGYRO,187448424,431,-218,-2986,0,1*53
$PSTM3DGYRO,187516647,399,-261,-3523,0,1*57
$PSTMDRGPS,19.033694169,-98.314584046,0.00000,0.00000,99.000,99.000,99.000,0.000,0.000,0.00000*54
$GPRMC,122553.000,V,1902.0217,N,09818.8750,W,0.0,0.0,131216,,,E*67
$GPGGA,122553.000,1902.0217,N,09818.8750,W,0,00,99.0,2139.78,M,-9.1,M,,*62
$GPVTG,0.0,T,,M,0.0,N,0.0,K,E*09
$GNGSA,A,1,,,,,,,,,,,,,99.0,99.0,99.0*1E
$GNGSA,A,1,,,,,,,,,,,,,99.0,99.0,99.0*1E
$GPGSV,3,1,12,02,45,011,,05,79,145,,06,18,043,,12,67,294,*75
$GPGSV,3,2,12,13,11,160,,15,04,191,,17,13,102,,19,23,090,*70
$GPGSV,3,3,12,20,30,213,,24,15,224,,25,28,318,,29,06,311,*74
$GLGSV,3,1,10,74,04,326,,73,31,283,,82,25,050,,73,34,273,*64
$GLGSV,3,2,10,84,04,302,,83,29,349,,67,29,044,,68,57,116,*62
$GLGSV,3,3,10,80,27,218,,69,26,178,,,,,,,,,*67
$PSTM3DACC,187515219,-176,1536,16048*3E
$PSTM3DACC,187583340,-192,1664,16048*32
$PSTM3DACC,187651543,688,960,17120*2E
$PSTM3DACC,187719713,-192,1152,16256*3E
$PSTM3DACC,187787879,-224,1344,16064*32
$PSTM3DACC,187856264,-96,1632,16032*0B
$PSTM3DACC,187924324,-96,1552,16064*0C
$PSTM3DACC,187992536,-80,1600,16032*04
$PSTM3DACC,188060660,-48,1584,16080*0D
$PSTM3DACC,188128848,-64,1600,15984*0B
$PSTM3DACC,188197083,-144,1568,16048*34
$PSTM3DACC,188265316,32,1632,16128*23
$PSTM3DACC,188333462,176,1664,16240*1A
$PSTM3DACC,188401669,-16,1680,16000*03
$PSTM3DACC,188470017,320,1392,16400*13
$PSTM3DGYRO,187584723,353,-224,-3236,0,1*5B
$PSTM3DGYRO,187652916,1942,-989,-1239,0,1*61
$PSTM3DGYRO,187721060,417,-46,-1594,0,1*6A
$PSTM3DGYRO,187789225,105,-29,-465,0,1*5A
$PSTM3DGYRO,187857683,-77,65,123,0,1*48
$PSTM3DGYRO,187925670,-14,1,-2,0,1*58
$PSTM3DGYRO,187993882,-28,15,19,0,1*7B
$PSTM3DGYRO,188061988,17,8,-2,0,1*71
$PSTM3DGYRO,188130158,-22,32,2,0,1*4E
$PSTM3DGYRO,188198449,-12,-10,-2,0,1*4A
$PSTM3DGYRO,188266705,47,-37,-618,0,1*66
$PSTM3DGYRO,188334781,664,-425,-1340,0,1*55
$PSTM3DGYRO,188402997,866,-324,-2989,0,1*58
$PSTM3DGYRO,188471413,2,58,-3720,0,1*4E
$PSTMDRGPS,19.033694169,-98.314584046,0.00000,0.00000,99.000,99.000,99.000,0.000,0.000,0.00000*54
$GPRMC,122554.000,V,1902.0217,N,09818.8750,W,0.0,0.0,131216,,,E*60
$GPGGA,122554.000,1902.0217,N,09818.8750,W,0,00,99.0,2139.78,M,-9.1,M,,*65
$GPVTG,0.0,T,,M,0.0,N,0.0,K,E*09
$GNGSA,A,1,,,,,,,,,,,,,99.0,99.0,99.0*1E
$GNGSA,A,1,,,,,,,,,,,,,99.0,99.0,99.0*1E
$GPGSV,3,1,12,02,45,011,,05,79,145,,06,18,043,,12,67,294,*75
$GPGSV,3,2,12,13,11,160,,15,04,191,,17,13,102,,19,23,090,*70
$GPGSV,3,3,12,20,30,213,,24,15,224,,25,28,318,,29,06,311,*74
$GLGSV,3,1,10,74,04,326,,73,31,283,,82,25,050,,73,34,273,*64
$GLGSV,3,2,10,84,04,302,,83,29,349,,67,29,044,,68,57,116,*62
$GLGSV,3,3,10,80,27,218,,69,26,178,,,,,,,,,*67
$PSTM3DACC,188538274,-16,1600,15984*0E
$PSTM3DACC,188606355,0,1536,16016*1F
$PSTM3DACC,188674459,-16,1328,16144*04
$PSTM3DACC,188742800,0,1248,16192*16
$PSTM3DACC,188810882,48,1440,16096*23
$PSTM3DACC,188879088,-32,1280,16128*00
$PSTM3DACC,188947285,-128,1536,15984*3E
$PSTM3DACC,189015501,-80,1360,16096*05
$PSTM3DACC,189083744,-48,1568,16016*0B
$PSTM3DACC,189151869,-112,1616,16048*3A
$PSTM3DACC,189220071,-80,1664,16080*05
$PSTM3DACC,189288319,64,1568,16224*2E
$PSTM3DACC,189356489,-384,1760,15888*37
$PSTM3DACC,189424685,-352,1920,15696*3B
$PSTM3DACC,189493046,-432,1760,15776*3A
$PSTM3DGYRO,188539702,247,-168,-3659,0,1*53
$PSTM3DGYRO,188607706,318,-189,-3799,0,1*50
$PSTM3DGYRO,188675769,275,-187,-3277,0,1*5D
$PSTM3DGYRO,188744149,303,-199,-1917,0,1*5A
$PSTM3DGYRO,188812224,-42,5,-617,0,1*52
$PSTM3DGYRO,188880412,-200,145,745,0,1*40
$PSTM3DGYRO,188948604,-345,232,2070,0,1*70
$PSTM3DGYRO,189016834,-547,371,3358,0,1*74
$PSTM3DGYRO,189085085,-572,356,3940,0,1*7C
$PSTM3DGYRO,189153180,-544,355,3869,0,1*7E
$PSTM3DGYRO,189221382,-481,283,3613,0,1*79
$PSTM3DGYRO,189289647,-833,415,3586,0,1*74
$PSTM3DGYRO,189357803,-526,250,3479,0,1*77
$PSTM3DGYRO,189426014,-767,414,3195,0,1*7E
$PSTM3DGYRO,189494471,-500,160,2861,0,1*76
$PSTM3DGYRO,189562720,-200,114,3260,0,1*77
$PSTMDRGPS,19.033694169,-98.314584046,0.00000,0.00000,99.000,99.000,99.000,0.000,0.000,0.00000*54
$GPRMC,122555.000,V,1902.0217,N,09818.8750,W,0.0,0.0,131216,,,E*61
$GPGGA,122555.000,1902.0217,N,09818.8750,W,0,00,99.0,2139.78,M,-9.1,M,,*64
$GPVTG,0.0,T,,M,0.0,N,0.0,K,E*09
$GNGSA,A,1,,,,,,,,,,,,,99.0,99.0,99.0*1E
$GNGSA,A,1,,,,,,,,,,,,,99.0,99.0,99.0*1E
$GPGSV,3,1,12,02,45,011,,05,79,145,,06,18,043,,12,67,294,*75
$GPGSV,3,2,12,13,11,160,,15,04,191,,17,13,102,,19,23,091,*71
$GPGSV,3,3,12,20,30,213,,24,15,224,,25,28,318,,29,06,311,*74
$GLGSV,3,1,10,74,04,326,,73,31,283,,82,25,050,,73,34,273,*64
$GLGSV,3,2,10,84,04,302,,83,29,349,,67,29,044,,68,57,116,*62
$GLGSV,3,3,10,80,27,218,,69,26,178,,,,,,,,,*67
$PSTM3DACC,189561285,-256,1504,16128*31
$PSTM3DACC,189629390,-256,1696,16128*33
$PSTM3DACC,189697548,-80,1584,16384*08
$PSTM3DACC,189765751,-160,1856,16080*34
$PSTM3DACC,189833952,-192,1856,15952*3D
$PSTM3DACC,189902299,-240,1888,16016*37
$PSTM3DACC,189970358,-192,1904,16000*30
$PSTM3DACC,190038563,-128,1824,15984*37
$PSTM3DACC,190106796,-160,1760,16000*36
$PSTM3DACC,190174913,160,1376,16464*18
$PSTM3DACC,190243101,-160,1600,16032*3A
$PSTM3DACC,190311314,-272,1408,16080*39
$PSTM3DACC,190379531,-2400,3488,12320*00
$PSTM3DACC,190447733,16,1200,16336*21
$PSTM3DACC,190516060,-128,1536,16080*38
$PSTM3DGYRO,189630755,-204,68,3553,0,1*48
$PSTM3DGYRO,189698886,-216,105,2169,0,1*7E
$PSTM3DGYRO,189767092,-149,69,1874,0,1*46
$PSTM3DGYRO,189835322,22,-10,530,0,1*48
$PSTM3DGYRO,189903713,142,-87,-784,0,1*53
$PSTM3DGYRO,189971695,323,-150,-2105,0,1*5A
$PSTM3DGYRO,190039887,514,-283,-3461,0,1*53
$PSTM3DGYRO,190108155,396,-210,-3582,0,1*5C
$PSTM3DGYRO,190176254,74,-73,-2993,0,1*52
$PSTM3DGYRO,190244411,338,-206,-3755,0,1*59
$PSTM3DGYRO,190312639,239,-124,-3103,0,1*55
$PSTM3DGYRO,190380883,1405,-1018,304,0,1*4D
$PSTM3DGYRO,190449058,200,-109,-379,0,1*64
$PSTM3DGYRO,190517444,-57,79,11,0,1*71
$PSTM3DGYRO,190585730,-13,7,0,0,1*73
$PSTMDRGPS,19.033694169,-98.314584046,0.00000,0.00000,99.000,99.000,99.000,0.000,0.000,0.00000*54
$GPRMC,122556.000,V,1902.0217,N,09818.8750,W,0.0,0.0,131216,,,E*62
$GPGGA,122556.000,1902.0217,N,09818.8750,W,0,00,99.0,2139.78,M,-9.1,M,,*67
$GPVTG,0.0,T,,M,0.0,N,0.0,K,E*09
$GNGSA,A,1,,,,,,,,,,,,,99.0,99.0,99.0*1E
$GNGSA,A,1,,,,,,,,,,,,,99.0,99.0,99.0*1E
$GPGSV,3,1,12,02,45,011,,05,79,145,,06,18,043,,12,67,294,*75
$GPGSV,3,2,12,13,11,160,,15,04,191,,17,13,102,,19,23,091,*71
$GPGSV,3,3,12,20,30,213,,24,15,224,,25,28,318,,29,06,311,*74
$GLGSV,3,1,10,74,04,326,,73,31,283,,82,25,050,,73,34,273,*64
$GLGSV,3,2,10,84,04,302,,83,29,349,,67,29,044,,68,57,116,*62
$GLGSV,3,3,10,80,27,218,,69,26,178,,,,,,,,,*67
$PSTM3DACC,190584317,-112,1568,16048*36
$PSTM3DACC,190652443,-80,1536,16080*0D
$PSTM3DACC,190720640,-144,1584,16064*32
$PSTM3DACC,190788798,-96,1600,16016*00
$PSTM3DACC,190856937,-144,1632,16016*38
$PSTM3DACC,190925214,-80,1728,15984*05
$PSTM3DACC,190993341,-32,1408,16032*06
$PSTM3DACC,191061530,0,1808,15904*1C
$PSTM3DACC,191129780,336,1424,16464*14
$PSTM3DACC,191197948,32,1504,16032*28
$PSTM3DACC,191266131,64,1504,16128*2A
$PSTM3DACC,191334333,0,1312,16032*15
$PSTM3DACC,191402603,-16,1296,16080*0F
$PSTM3DACC,191470787,-112,1248,16032*38
$PSTM3DACC,191539092,-64,1344,16016*0C
$PSTM3DGYRO,190653877,-16,21,14,0,1*73
$PSTM3DGYRO,190721984,246,-9,-9,0,1*66
$PSTM3DGYRO,190790134,-4,-13,2,0,1*5B
$PSTM3DGYRO,190858260,34,25,-5,0,1*4E
$PSTM3DGYRO,190926560,70,-42,-680,0,1*66
$PSTM3DGYRO,190994660,905,-590,-1304,0,1*55
$PSTM3DGYRO,191062840,329,-205,-3350,0,1*54
$PSTM3DGYRO,191131121,133,-223,-3632,0,1*51
$PSTM3DGYRO,191199267,312,-219,-4143,0,1*5C
$PSTM3DGYRO,191267442,320,-242,-4199,0,1*57
$PSTM3DGYRO,191335666,342,-252,-3521,0,1*50
$PSTM3DGYRO,191404009,351,-257,-2213,0,1*5A
$PSTM3DGYRO,191472142,-49,77,-999,0,1*64
$PSTM3DGYRO,191540488,-143,157,365,0,1*4B
$PSTMDRGPS,19.033694169,-98.314584046,0.00000,0.00000,99.000,99.000,99.000,0.000,0.000,0.00000*54
$GPRMC,122557.000,V,1902.0217,N,09818.8750,W,0.0,0.0,131216,,,E*63
$GPGGA,122557.000,1902.0217,N,09818.8750,W,0,00,99.0,2139.78,M,-9.1,M,,*66
$GPVTG,0.0,T,,M,0.0,N,0.0,K,E*09
$GNGSA,A,1,,,,,,,,,,,,,99.0,99.0,99.0*1E
$GNGSA,A,1,,,,,,,,,,,,,99.0,99.0,99.0*1E
$GPGSV,3,1,12,02,45,011,,05,79,145,,06,18,043,,12,67,294,*75
$GPGSV,3,2,12,13,11,160,,15,04,191,,17,13,102,,19,23,091,*71
$GPGSV,3,3,12,20,30,213,,24,15,224,,25,28,318,,29,06,311,*74
$GLGSV,3,1,10,74,04,326,,73,31,283,,82,25,050,,73,34,273,*64
$GLGSV,3,2,10,84,04,302,,83,29,349,,67,29,044,,68,57,116,*62
$GLGSV,3,3,10,80,27,218,,69,26,178,,,,,,,,,*67
$PSTM3DACC,191607417,-112,1232,16080*34
$PSTM3DACC,191675450,-112,1392,15968*35
$PSTM3DACC,191743582,-48,1536,16000*0D
$PSTM3DACC,191811837,-64,1568,16000*03
$PSTM3DACC,191880058,-224,1664,16016*34
$PSTM3DACC,191948370,-96,1776,16080*0E
$PSTM3DACC,192016430,-336,1552,16032*38
$PSTM3DACC,192084624,64,1536,16544*2B
$PSTM3DACC,192152789,-336,1552,16064*3B
$PSTM3DACC,192220959,-288,1648,16016*37
$PSTM3DACC,192289207,640,368,18112*24
$PSTM3DACC,192357477,-224,1904,16016*36
$PSTM3DACC,192425575,-416,1728,15920*3F
$PSTM3DACC,192493784,-192,1872,15952*32
$PSTM3DACC,192562130,-256,1920,15872*3A
$PSTM3DGYRO,191608847,-345,270,1696,0,1*71
$PSTM3DGYRO,191676800,-446,349,3027,0,1*7A
$PSTM3DGYRO,191744910,-643,424,4394,0,1*7D
$PSTM3DGYRO,191813192,-604,397,4321,0,1*70
$PSTM3DGYRO,191881417,-728,432,3989,0,1*7B
$PSTM3DGYRO,191949770,-548,241,3787,0,1*7A
$PSTM3DGYRO,192017798,-588,336,3653,0,1*78
$PSTM3DGYRO,192085953,-706,308,3439,0,1*7D
$PSTM3DGYRO,192154130,-697,331,3378,0,1*7C
$PSTM3DGYRO,192222273,-594,339,4272,0,1*7E
$PSTM3DGYRO,192290542,-839,431,2414,0,1*77
$PSTM3DGYRO,192358828,-412,174,4016,0,1*72
$PSTM3DGYRO,192426885,-350,151,1572,0,1*7F
$PSTM3DGYRO,192495104,-185,101,1277,0,1*7A
$PSTM3DGYRO,192563533,38,-26,15,0,1*76
$PSTM3DGYRO,192631777,170,-105,-1263,0,1*52
$PSTMDRGPS,19.033694169,-98.314584046,0.00000,0.00000,99.000,99.000,99.000,0.000,0.000,0.00000*54
$GPRMC,122558.000,V,1902.0217,N,09818.8750,W,0.0,0.0,131216,,,E*6C
$GPGGA,122558.000,1902.0217,N,09818.8750,W,0,00,99.0,2139.78,M,-9.1,M,,*69
$GPVTG,0.0,T,,M,0.0,N,0.0,K,E*09
$GNGSA,A,1,,,,,,,,,,,,,99.0,99.0,99.0*1E
$GNGSA,A,1,,,,,,,,,,,,,99.0,99.0,99.0*1E
$GPGSV,3,1,12,02,45,011,,05,79,145,,06,18,043,,12,67,294,*75
$GPGSV,3,2,12,13,11,160,,15,04,191,,17,13,102,,19,23,091,*71
$GPGSV,3,3,12,20,30,213,,24,15,224,,25,28,318,,29,06,311,*74
$GLGSV,3,1,10,74,04,326,,73,31,283,,82,25,050,,73,34,273,*64
$GLGSV,3,2,10,84,04,302,,83,29,349,,67,29,044,,68,57,116,*62
$GLGSV,3,3,10,80,27,218,,69,26,178,,,,,,,,,*67
$PSTM3DACC,192630373,-288,1920,15952*3B
$PSTM3DACC,192698479,-272,1888,15984*39
$PSTM3DACC,192766619,-208,1696,16016*30
$PSTM3DACC,192834850,-272,1744,15968*3B
$PSTM3DACC,192903042,-224,1792,15968*3D
$PSTM3DACC,192971212,-240,1856,15968*3A
$PSTM3DACC,193039419,-352,1408,15872*3C
$PSTM3DACC,193107597,-192,1440,16032*3A
$PSTM3DACC,193175860,-240,1344,16032*35
$PSTM3DACC,193244001,-192,1568,16096*31
$PSTM3DACC,193312295,-160,1600,16016*34
$PSTM3DACC,193380443,-160,1584,16080*32
$PSTM3DACC,193448604,-176,1632,16000*31
$PSTM3DACC,193516828,-176,1600,16016*3D
$PSTM3DACC,193585144,-160,1632,16032*34
$PSTM3DGYRO,192699845,448,-244,-2483,0,1*5D
$PSTM3DGYRO,192767956,375,-198,-3771,0,1*5A
$PSTM3DGYRO,192836183,211,-159,-3432,0,1*5B
$PSTM3DGYRO,192904383,386,-187,-4002,0,1*55
$PSTM3DGYRO,192972532,663,94,-3991,0,1*4C
$PSTM3DGYRO,193040788,233,-33,-3354,0,1*64
$PSTM3DGYRO,193108916,106,-57,-1577,0,1*62
$PSTM3DGYRO,193177210,7,27,-349,0,1*77
$PSTM3DGYRO,193245312,-50,45,14,0,1*7B
$PSTM3DGYRO,193313682,4,9,-3,0,1*4A
$PSTM3DGYRO,193381799,-23,32,-24,0,1*5F
$PSTM3DGYRO,193449963,-14,46,-8,0,1*6E
$PSTM3DGYRO,193518165,-21,34,-7,0,1*69
$PSTM3DGYRO,193586568,-50,19,-36,0,1*5C
$PSTMDRGPS,19.033694169,-98.314584046,0.00000,0.00000,99.000,99.000,99.000,0.000,0.000,0.00000*54
$GPRMC,122559.000,V,1902.0217,N,09818.8750,W,0.0,0.0,131216,,,E*6D
$GPGGA,122559.000,1902.0217,N,09818.8750,W,0,00,99.0,2139.78,M,-9.1,M,,*68
$GPVTG,0.0,T,,M,0.0,N,0.0,K,E*09
$GNGSA,A,1,,,,,,,,,,,,,99.0,99.0,99.0*1E
$GNGSA,A,1,,,,,,,,,,,,,99.0,99.0,99.0*1E
$GPGSV,3,1,12,02,45,011,,05,79,145,,06,18,043,,12,67,294,*75
$GPGSV,3,2,12,13,11,160,,15,04,191,,17,13,102,,19,23,091,*71
$GPGSV,3,3,12,20,30,213,,24,15,224,,25,28,318,,29,06,311,*74
$GLGSV,3,1,10,74,05,325,,73,31,283,,82,25,050,,73,34,273,*66
$GLGSV,3,2,10,84,04,302,,83,29,349,,67,29,044,,68,57,116,*62
$GLGSV,3,3,10,80,27,218,,69,26,178,,,,,,,,,*67
$PSTM3DACC,193653434,-80,1776,16016*06
$PSTM3DACC,193721510,-144,1696,15936*3B
$PSTM3DACC,193789623,192,2080,16272*16
$PSTM3DACC,193857807,176,1536,16192*1E
$PSTM3DACC,193926154,48,1536,16112*22
$PSTM3DACC,193994459,16,1424,15984*2E
$PSTM3DACC,194062455,-80,1312,16128*08
$PSTM3DACC,194130775,32,1216,16192*2F
$PSTM3DACC,194198882,-32,1360,16064*0F
$PSTM3DACC,194267028,-32,1248,16064*0F
$PSTM3DACC,194335225,-80,1280,16160*0E
$PSTM3DACC,194403460,-64,1296,16112*03
$PSTM3DACC,194471629,-32,1360,15984*06
$PSTM3DACC,194539846,-48,1584,16064*09
$PSTM3DACC,194608188,-32,1616,16096*0B
$PSTM3DGYRO,193654881,156,-103,-816,0,1*6D
$PSTM3DGYRO,193722847,234,-134,-1974,0,1*50
$PSTM3DGYRO,193790933,643,-163,-2654,0,1*53
$PSTM3DGYRO,193859117,1238,-729,-4105,0,1*63
$PSTM3DGYRO,193927522,412,-294,-4728,0,1*5C
$PSTM3DGYRO,193995876,295,-225,-4583,0,1*59
$PSTM3DGYRO,194063783,307,-174,-3934,0,1*51
$PSTM3DGYRO,194132116,337,-260,-2585,0,1*5C
$PSTM3DGYRO,194200254,192,-139,-1333,0,1*51
$PSTM3DGYRO,194268372,-145,74,13,0,1*45
$PSTM3DGYRO,194336535,-274,218,1308,0,1*7B
$PSTM3DGYRO,194404809,-437,318,2647,0,1*72
$PSTM3DGYRO,194472952,-635,431,4089,0,1*72
$PSTM3DGYRO,194541197,-717,456,4809,0,1*72
$PSTM3DGYRO,194609624,-873,494,4382,0,1*79
$PSTM3DGYRO,194677833,-291,153,4275,0,1*79
$PSTMDRGPS,19.033694169,-98.314584046,0.00000,0.00000,99.000,99.000,99.000,0.000,0.000,0.00000*54
$GPRMC,122600.000,V,1902.0217,N,09818.8750,W,0.0,0.0,131216,,,E*62
$GPGGA,122600.000,1902.0217,N,09818.8750,W,0,00,99.0,2139.78,M,-9.1,M,,*67
$GPVTG,0.0,T,,M,0.0,N,0.0,K,E*09
$GNGSA,A,1,,,,,,,,,,,,,99.0,99.0,99.0*1E
$GNGSA,A,1,,,,,,,,,,,,,99.0,99.0,99.0*1E
$GPGSV,3,1,12,02,45,011,,05,79,145,,06,18,043,,12,67,294,*75
$GPGSV,3,2,12,13,11,160,,15,04,191,,17,13,102,,19,23,091,*71
$GPGSV,3,3,12,20,30,213,,24,15,224,,25,28,318,,29,06,311,*74
$GLGSV,3,1,10,74,05,325,,73,31,283,,82,25,050,,73,34,273,*66
$GLGSV,3,2,10,84,04,302,,83,29,349,,67,29,044,,68,57,116,*62
$GLGSV,3,3,10,80,27,218,,69,26,178,,,,,,,,,*67
$PSTM3DACC,194676451,-272,1840,15872*39
$PSTM3DACC,194744535,-320,1600,15776*3D
$PSTM3DACC,194812727,-176,1792,15952*33
$PSTM3DACC,194880836,-96,1344,16544*0F
$PSTM3DACC,194949190,-288,1664,16000*31
$PSTM3DACC,195017312,-208,1712,16160*35
$PSTM3DACC,195085447,-272,2032,15840*3A
$PSTM3DACC,195153645,-64,1792,16128*0F
$PSTM3DACC,195222052,-240,1888,16032*30
$PSTM3DACC,195290071,-256,1776,16096*3F
$PSTM3DACC,195358278,-208,2000,16048*3C
$PSTM3DACC,195426480,-240,1904,16000*3D
$PSTM3DACC,195494663,-192,1856,16064*33
$PSTM3DACC,195562880,-112,1680,15984*31
$PSTM3DACC,195631212,-240,1776,16032*3E
$PSTM3DGYRO,194745906,-815,492,3897,0,1*71
$PSTM3DGYRO,194814098,-703,373,3759,0,1*79
$PSTM3DGYRO,194882171,-962,378,3446,0,1*7F
$PSTM3DGYRO,194950550,-379,225,4298,0,1*7D
$PSTM3DGYRO,195018631,-318,87,3413,0,1*42
$PSTM3DGYRO,195086770,-139,-52,3808,0,1*63
$PSTM3DGYRO,195154956,-80,-37,2947,0,1*5C
$PSTM3DGYRO,195223438,-132,27,2093,0,1*4E
$PSTM3DGYRO,195291422,-194,80,778,0,1*7D
$PSTM3DGYRO,195359625,60,-23,-464,0,1*6D
$PSTM3DGYRO,195427830,271,-130,-1754,0,1*59
$PSTM3DGYRO,195495995,440,-228,-3175,0,1*57
$PSTM3DGYRO,195564217,443,-195,-3908,0,1*5D
$PSTM3DGYRO,195632591,258,-130,-4051,0,1*55
$PSTM3DGYRO,195700843,812,-259,-4472,0,1*5A
$PSTMDRGPS,19.033694169,-98.314584046,0.00000,0.00000,99.000,99.000,99.000,0.000,0.000,0.00000*54
$GPRMC,122601.000,V,1902.0217,N,09818.8750,W,0.0,0.0,131216,,,E*63
$GPGGA,122601.000,1902.0217,N,09818.8750,W,0,00,99.0,2139.78,M,-9.1,M,,*66
$GPVTG,0.0,T,,M,0.0,N,0.0,K,E*09
$GNGSA,A,1,,,,,,,,,,,,,99.0,99.0,99.0*1E
$GNGSA,A,1,,,,,,,,,,,,,99.0,99.0,99.0*1E
$GPGSV,3,1,12,02,45,011,,05,79,145,,06,18,043,,12,67,294,*75
$GPGSV,3,2,12,13,11,160,,15,04,191,,17,13,102,,19,23,091,*71
$GPGSV,3,3,12,20,30,213,,24,15,224,,25,28,318,,29,06,311,*74
$GLGSV,3,1,10,74,05,325,,73,31,283,,82,25,050,,73,34,273,*66
$GLGSV,3,2,10,84,04,302,,83,29,349,,67,29,044,,68,57,116,*62
$GLGSV,3,3,10,80,27,218,,69,26,178,,,,,,,,,*67
$PSTM3DACC,195699448,-256,1536,16048*39
$PSTM3DACC,195767590,688,1136,17152*18
$PSTM3DACC,195835670,-256,1408,16032*39
$PSTM3DACC,195903885,-224,1312,16176*31
$PSTM3DACC,195972128,-160,1392,16144*33
$PSTM3DACC,196040514,-160,1600,16048*30
$PSTM3DACC,196108495,-160,1568,16112*36
$PSTM3DACC,196176765,-144,1584,16112*37
$PSTM3DACC,196244900,-160,1600,16064*31
$PSTM3DACC,196313139,-176,1568,16016*3F
$PSTM3DACC,196381290,-160,1552,16016*3A
$PSTM3DACC,196449579,-80,1616,16096*0D
$PSTM3DACC,196517694,-256,48,16992*3F
$PSTM3DACC,196585955,-96,1840,15984*0D
$PSTM3DACC,196654212,592,1632,16480*17
$PSTM3DGYRO,195768958,-1,-68,-2833,0,1*47
$PSTM3DGYRO,195836984,259,-133,-2795,0,1*5C
$PSTM3DGYRO,195905219,127,-50,-1549,0,1*6C
$PSTM3DGYRO,195973447,-19,16,-306,0,1*62
$PSTM3DGYRO,196041954,-20,33,2,0,1*41
$PSTM3DGYRO,196109841,-18,10,-1,0,1*6D
$PSTM3DGYRO,196178107,-30,50,-3,0,1*6C
$PSTM3DGYRO,196246237,22,54,-20,0,1*79
$PSTM3DGYRO,196314490,-37,17,-36,0,1*5D
$PSTM3DGYRO,196382611,-24,19,-16,0,1*57
$PSTM3DGYRO,196450935,150,-96,-972,0,1*58
$PSTM3DGYRO,196519032,1947,-1061,-622,0,1*66
$PSTM3DGYRO,196587330,966,-329,-3042,0,1*5F
$PSTM3DGYRO,196655622,1220,-617,-4093,0,1*6E
$PSTMDRGPS,19.033694169,-98.314584046,0.00000,0.00000,99.000,99.000,99.000,0.000,0.000,0.00000*54
$GPRMC,122602.000,V,1902.0217,N,09818.8750,W,0.0,0.0,131216,,,E*60
$GPGGA,122602.000,1902.0217,N,09818.8750,W,0,00,99.0,2139.78,M,-9.1,M,,*65
$GPVTG,0.0,T,,M,0.0,N,0.0,K,E*09
$GNGSA,A,1,,,,,,,,,,,,,99.0,99.0,99.0*1E
$GNGSA,A,1,,,,,,,,,,,,,99.0,99.0,99.0*1E
$GPGSV,3,1,12,02,45,011,,05,79,145,,06,18,043,,12,67,294,*75
$GPGSV,3,2,12,13,11,160,,15,04,191,,17,13,102,,19,23,091,*71
$GPGSV,3,3,12,20,30,213,,24,15,224,,25,28,318,,29,06,311,*74
$GLGSV,3,1,10,74,05,325,,73,31,283,,82,25,050,,73,34,273,*66
$GLGSV,3,2,10,84,04,302,,83,29,349,,67,29,044,,68,57,116,*62
$GLGSV,3,3,10,80,27,218,,69,26,178,,,,,,,,,*67
$PSTM3DACC,196722512,96,1456,16048*21
$PSTM3DACC,196790595,96,1424,16048*22
$PSTM3DACC,196858776,80,1216,16064*28
$PSTM3DACC,196926929,0,1312,16096*14
$PSTM3DACC,196995216,0,1328,16080*15
$PSTM3DACC,197063357,48,1296,16080*28
$PSTM3DACC,197131657,0,1296,16064*1D
$PSTM3DACC,197199723,-96,1296,16064*0F
$PSTM3DACC,197268028,-96,1328,16064*0A
$PSTM3DACC,197336131,-64,1328,16080*0E
$PSTM3DACC,197404347,-80,1584,16128*02
$PSTM3DACC,197472525,-80,1648,16080*01
$PSTM3DACC,197540760,-80,1584,16208*03
$PSTM3DACC,197608926,-400,2016,15776*3E
$PSTM3DACC,197677320,-64,1584,16112*06
$PSTM3DGYRO,196723923,567,-447,-5107,0,1*5F
$PSTM3DGYRO,196791949,475,-382,-5077,0,1*50
$PSTM3DGYRO,196860156,284,-190,-4146,0,1*5C
$PSTM3DGYRO,196928268,255,-190,-2961,0,1*58
$PSTM3DGYRO,196996609,280,-181,-1720,0,1*5E
$PSTM3DGYRO,197064672,-16,19,-423,0,1*6B
$PSTM3DGYRO,197133055,-177,183,1108,0,1*7F
$PSTM3DGYRO,197201059,-417,305,2433,0,1*70
$PSTM3DGYRO,197269397,-583,434,3720,0,1*76
$PSTM3DGYRO,197337468,-737,511,4906,0,1*7D
$PSTM3DGYRO,197405684,-713,460,5082,0,1*7E
$PSTM3DGYRO,197473844,-1169,651,4797,0,1*45
$PSTM3DGYRO,197542093,-699,264,4406,0,1*74
$PSTM3DGYRO,197610245,-375,-26,4476,0,1*60
$PSTM3DGYRO,197678760,-894,402,3732,0,1*73
$PSTM3DGYRO,197746950,-362,132,4716,0,1*77
$PSTMDRGPS,19.033694169,-98.314584046,0.00000,0.00000,99.000,99.000,99.000,0.000,0.000,0.00000*54
$GPRMC,122603.000,V,1902.0217,N,09818.8750,W,0.0,0.0,131216,,,E*61
$GPGGA,122603.000,1902.0217,N,09818.8750,W,0,00,99.0,2139.78,M,-9.1,M,,*64
$GPVTG,0.0,T,,M,0.0,N,0.0,K,E*09
$GNGSA,A,1,,,,,,,,,,,,,99.0,99.0,99.0*1E
$GNGSA,A,1,,,,,,,,,,,,,99.0,99.0,99.0*1E
$GPGSV,3,1,12,02,45,011,,05,79,145,,06,18,043,,12,67,294,*75
$GPGSV,3,2,12,13,11,160,,15,04,191,,17,13,102,,19,23,091,*71
$GPGSV,3,3,12,20,30,213,,24,15,224,,25,28,318,,29,06,311,*74
$GLGSV,3,1,10,74,05,325,,73,31,283,,82,25,050,,73,34,273,*66
$GLGSV,3,2,10,84,04,302,,83,29,349,,67,29,044,,68,57,116,*62
$GLGSV,3,3,10,80,27,218,,69,26,178,,,,,,,,,*67
$PSTM3DACC,197745563,-192,1856,15904*31
$PSTM3DACC,197813595,-336,1600,15904*35
$PSTM3DACC,197881728,-176,1664,16256*31
$PSTM3DACC,197950018,-304,1920,16128*3A
$PSTM3DACC,198018205,-240,1792,16080*3B
$PSTM3DACC,198086489,-272,1808,16080*33
$PSTM3DACC,198154565,-208,1840,16016*30
$PSTM3DACC,198222861,-192,1856,16160*3C
$PSTM3DACC,198290970,-144,1888,16144*3A
$PSTM3DACC,198359143,-208,1792,16032*39
$PSTM3DACC,198427341,-160,1728,16064*38
$PSTM3DACC,198495583,-208,1568,16080*38
$PSTM3DACC,198563780,-240,1424,15904*32
$PSTM3DACC,198631965,-96,1536,16080*0E
$PSTM3DACC,198700277,-240,1440,16064*36
$PSTM3DGYRO,197814955,-540,190,4365,0,1*74
$PSTM3DGYRO,197883048,-561,83,4241,0,1*48
$PSTM3DGYRO,197951379,-337,126,4098,0,1*7A
$PSTM3DGYRO,198019556,-212,60,2911,0,1*40
$PSTM3DGYRO,198087889,-134,46,1790,0,1*4F
$PSTM3DGYRO,198155893,17,-7,238,0,1*79
$PSTM3DGYRO,198224217,41,87,-1174,0,1*7B
$PSTM3DGYRO,198292312,346,-180,-2427,0,1*5D
$PSTM3DGYRO,198360466,558,-330,-3586,0,1*5E
$PSTM3DGYRO,198428676,498,-290,-4386,0,1*51
$PSTM3DGYRO,198496939,704,-263,-4497,0,1*5D
$PSTM3DGYRO,198565138,724,-252,-4496,0,1*58
$PSTM3DGYRO,198633304,317,-183,-3889,0,1*5B
$PSTM3DGYRO,198701688,205,-107,-2800,0,1*54
$PSTM3DGYRO,198769946,169,-114,-1585,0,1*5F
$PSTMDRGPS,19.033694169,-98.314584046,0.00000,0.00000,99.000,99.000,99.000,0.000,0.000,0.00000*54
$GPRMC,122604.000,V,1902.0217,N,09818.8750,W,0.0,0.0,131216,,,E*66
$GPGGA,122604.000,1902.0217,N,09818.8750,W,0,00,99.0,2139.78,M,-9.1,M,,*63
$GPVTG,0.0,T,,M,0.0,N,0.0,K,E*09
$GNGSA,A,1,,,,,,,,,,,,,99.0,99.0,99.0*1E
$GNGSA,A,1,,,,,,,,,,,,,99.0,99.0,99.0*1E
$GPGSV,3,1,12,02,45,011,,05,79,145,,06,18,043,,12,67,294,*75
$GPGSV,3,2,12,13,11,160,,15,04,191,,17,13,102,,19,23,091,*71
$GPGSV,3,3,12,20,30,213,,24,15,224,,25,28,318,,29,06,311,*74
$GLGSV,3,1,10,74,05,325,,73,31,283,,82,25,050,,73,34,273,*66
$GLGSV,3,2,10,84,04,302,,83,29,349,,67,29,044,,68,57,116,*62
$GLGSV,3,3,10,80,27,218,,69,26,178,,,,,,,,,*67
$PSTM3DACC,198768551,-192,1360,16032*31
$PSTM3DACC,198836630,-160,1760,16016*3E
$PSTM3DACC,198904821,-112,1584,15936*35
$PSTM3DACC,198972979,-64,1536,16048*02
$PSTM3DACC,199041341,-32,1536,16064*06
$PSTM3DACC,199109437,-64,1536,16016*0B
$PSTM3DACC,199177642,-16,1552,16064*00
$PSTM3DACC,199245774,-64,1536,16016*04
$PSTM3DACC,199314003,-48,1616,16080*06
$PSTM3DACC,199382169,-96,1824,15744*04
$PSTM3DACC,199450371,32,1680,16000*20
$PSTM3DACC,199518572,-96,1808,15808*06
$PSTM3DACC,199586802,80,1536,16000*22
$PSTM3DACC,199655000,112,1504,16064*1C
$PSTM3DACC,199723362,-96,1232,16048*07
$PSTM3DGYRO,198838018,-496,321,470,0,1*40
$PSTM3DGYRO,198906195,-30,19,-41,0,1*53
$PSTM3DGYRO,198974299,-23,23,-5,0,1*62
$PSTM3DGYRO,199042710,0,-2,21,0,1*72
$PSTM3DGYRO,199110770,-1,24,7,0,1*73
$PSTM3DGYRO,199179008,2,20,-53,0,1*42
$PSTM3DGYRO,199247107,0,-5,-27,0,1*59
$PSTM3DGYRO,199315362,115,-60,-842,0,1*53
$PSTM3DGYRO,199383479,808,-518,-1562,0,1*50
$PSTM3DGYRO,199451682,614,-456,-2373,0,1*53
$PSTM3DGYRO,199519882,432,-348,-4881,0,1*5E
$PSTM3DGYRO,199588139,542,-425,-5652,0,1*54
$PSTM3DGYRO,199656332,338,-295,-5550,0,1*5A
$PSTM3DGYRO,199724777,432,-361,-4580,0,1*50
$PSTMDRGPS,19.033694169,-98.314584046,0.00000,0.00000,99.000,99.000,99.000,0.000,0.000,0.00000*54
$GPRMC,122605.000,V,1902.0217,N,09818.8750,W,0.0,0.0,131216,,,E*67
$GPGGA,122605.000,1902.0217,N,09818.8750,W,0,00,99.0,2139.78,M,-9.1,M,,*62
$GPVTG,0.0,T,,M,0.0,N,0.0,K,E*09
$GNGSA,A,1,,,,,,,,,,,,,99.0,99.0,99.0*1E
$GNGSA,A,1,,,,,,,,,,,,,99.0,99.0,99.0*1E
$GPGSV,3,1,12,02,45,011,,05,79,145,,06,18,043,,12,67,294,*75
$GPGSV,3,2,12,13,11,160,,15,04,191,,17,13,102,,19,23,091,*71
$GPGSV,3,3,12,20,30,213,,24,14,223,,25,28,318,,29,06,311,*72
$GLGSV,3,1,10,74,05,325,,73,31,283,,82,25,050,,73,34,273,*66
$GLGSV,3,2,10,84,04,302,,83,29,349,,67,29,044,,68,57,116,*62
$GLGSV,3,3,10,80,27,218,,69,26,178,,,,,,,,,*67
$PSTM3DACC,199791605,64,1280,16112*2D
$PSTM3DACC,199859682,-32,1280,16016*02
$PSTM3DACC,199927784,48,1168,16224*2B
$PSTM3DACC,199995996,32,1168,16176*26
$PSTM3DACC,200064247,16,1280,16080*2E
$PSTM3DACC,200132630,-32,1232,16128*09
$PSTM3DACC,200200616,-48,1344,16080*01
$PSTM3DACC,200268904,0,1488,15952*10
$PSTM3DACC,200337043,64,1488,16240*28
$PSTM3DACC,200405276,-320,1776,15648*39
$PSTM3DACC,200473401,48,1600,16400*23
$PSTM3DACC,200541665,-176,1648,16192*30
$PSTM3DACC,200609842,-304,1680,15920*35
$PSTM3DACC,200678077,-208,1824,15984*3E
$PSTM3DACC,200746345,-112,1696,16192*33
$PSTM3DGYRO,199793053,269,-191,-3346,0,1*53
$PSTM3DGYRO,199861036,323,-238,-2001,0,1*5C
$PSTM3DGYRO,199929094,128,-88,-658,0,1*51
$PSTM3DGYRO,199997306,-136,105,617,0,1*41
$PSTM3DGYRO,200065593,-296,261,1961,0,1*7B
$PSTM3DGYRO,200134044,-562,416,3270,0,1*72
$PSTM3DGYRO,200201939,-721,506,4670,0,1*72
$PSTM3DGYRO,200270249,-912,588,5589,0,1*74
$PSTM3DGYRO,200338375,-824,423,5163,0,1*73
$PSTM3DGYRO,200406623,-1151,660,4552,0,1*47
$PSTM3DGYRO,200474729,-818,290,4778,0,1*7D
$PSTM3DGYRO,200543015,-969,421,4414,0,1*72
$PSTM3DGYRO,200611183,-308,85,4927,0,1*42
$PSTM3DGYRO,200679414,-80,-110,4513,0,1*6F
$PSTM3DGYRO,200747759,-438,211,5099,0,1*77
$PSTM3DGYRO,200816019,-440,156,4556,0,1*77
$PSTMDRGPS,19.033694169,-98.314584046,0.00000,0.00000,99.000,99.000,99.000,0.000,0.000,0.00000*54
$GPRMC,122606.000,V,1902.0217,N,09818.8750,W,0.0,0.0,131216,,,E*64
$GPGGA,122606.000,1902.0217,N,09818.8750,W,0,00,99.0,2139.78,M,-9.1,M,,*61
$GPVTG,0.0,T,,M,0.0,N,0.0,K,E*09
$GNGSA,A,1,,,,,,,,,,,,,99.0,99.0,99.0*1E
$GNGSA,A,1,,,,,,,,,,,,,99.0,99.0,99.0*1E
$GPGSV,3,1,12,02,45,011,,05,79,145,,06,18,043,,12,67,294,*75
$GPGSV,3,2,12,13,11,160,,15,04,191,,17,13,102,,19,23,091,*71
$GPGSV,3,3,12,20,30,213,,24,14,223,,25,28,318,,29,06,311,*72
$GLGSV,3,1,10,74,05,325,,73,31,283,,82,25,050,,73,34,273,*66
$GLGSV,3,2,10,84,04,302,,83,29,349,,67,29,044,,68,57,116,*62
$GLGSV,3,3,10,80,27,218,,69,26,178,,,,,,,,,*67
$PSTM3DACC,200814628,-256,1888,15920*35
$PSTM3DACC,200882688,-144,1872,16032*3C
$PSTM3DACC,200950979,-224,1872,15984*31
$PSTM3DACC,201019066,-240,1680,16064*36
$PSTM3DACC,201087318,-192,1744,16160*3B
$PSTM3DACC,201155518,-432,1792,15888*3B
$PSTM3DACC,201223667,-64,1744,16240*03
$PSTM3DACC,201291829,-176,1728,15920*38
$PSTM3DACC,201360098,-48,1664,16064*0A
$PSTM3DACC,201428243,-144,1456,16016*3E
$PSTM3DACC,201496467,32,1232,16192*2F
$PSTM3DACC,201564646,-176,1248,16016*3E
$PSTM3DACC,201632849,-112,1344,16080*3F
$PSTM3DACC,201701046,-176,1328,16064*3B
$PSTM3DACC,201769400,-192,1408,16048*32
$PSTM3DGYRO,200884052,-308,125,3698,0,1*7A
$PSTM3DGYRO,200952343,-153,-2,2455,0,1*54
$PSTM3DGYRO,201020421,98,-45,490,0,1*49
$PSTM3DGYRO,201088707,38,-11,-155,0,1*66
$PSTM3DGYRO,201156858,-31,64,-1472,0,1*5B
$PSTM3DGYRO,201225008,216,142,-3187,0,1*73
$PSTM3DGYRO,201293148,510,-374,-4124,0,1*5E
$PSTM3DGYRO,201361444,699,65,-4708,0,1*4F
$PSTM3DGYRO,201429562,505,-219,-5129,0,1*57
$PSTM3DGYRO,201497827,797,-260,-4170,0,1*54
$PSTM3DGYRO,201565961,301,-211,-3755,0,1*50
$PSTM3DGYRO,201634172,227,-144,-2551,0,1*5C
$PSTM3DGYRO,201702370,146,-77,-1362,0,1*68
$PSTM3DGYRO,201770801,-48,66,-279,0,1*65
$PSTM3DGYRO,201839068,-51,39,-21,0,1*5D
$PSTMDRGPS,19.033694169,-98.314584046,0.00000,0.00000,99.000,99.000,99.000,0.000,0.000,0.00000*54
$GPRMC,122607.000,V,1902.0217,N,09818.8750,W,0.0,0.0,131216,,,E*65
$GPGGA,122607.000,1902.0217,N,09818.8750,W,0,00,99.0,2139.78,M,-9.1,M,,*60
$GPVTG,0.0,T,,M,0.0,N,0.0,K,E*09
$GNGSA,A,1,,,,,,,,,,,,,99.0,99.0,99.0*1E
$GNGSA,A,1,,,,,,,,,,,,,99.0,99.0,99.0*1E
$GPGSV,3,1,12,02,45,011,,05,79,145,,06,18,043,,12,67,294,*75
$GPGSV,3,2,12,13,11,160,,15,04,191,,17,13,102,,19,23,091,*71
$GPGSV,3,3,12,20,30,213,,24,14,223,,25,28,317,,29,06,311,*7D
$GLGSV,3,1,10,74,05,325,,73,31,283,,82,25,050,,73,34,273,*66
$GLGSV,3,2,10,84,04,302,,83,29,349,,67,29,044,,68,57,116,*62
$GLGSV,3,3,10,80,27,218,,69,26,178,,,,,,,,,*67
$PSTM3DACC,201837646,-112,1536,16064*3C
$PSTM3DACC,201905729,-144,1536,15984*33
$PSTM3DACC,201973849,-112,1536,16096*31
$PSTM3DACC,202042118,-112,1568,16048*3C
$PSTM3DACC,202110385,-144,1536,16192*32
$PSTM3DACC,202178693,-144,1552,16032*37
$PSTM3DACC,202246720,-48,1728,16064*01
$PSTM3DACC,202315005,320,1872,16016*13
$PSTM3DACC,202383097,112,1184,16448*1B
$PSTM3DACC,202451259,592,1872,16288*15
$PSTM3DACC,202519488,128,1392,16032*11
$PSTM3DACC,202587698,128,1440,16016*1B
$PSTM3DACC,202655914,16,1264,16016*20
$PSTM3DACC,202724076,16,1248,16064*21
$PSTM3DACC,202792409,0,1184,16096*19
$PSTM3DGYRO,201907084,-25,29,12,0,1*7C
$PSTM3DGYRO,201975159,-15,16,4,0,1*40
$PSTM3DGYRO,202043455,1,19,-13,0,1*4A
$PSTM3DGYRO,202111804,5,27,3,0,1*51
$PSTM3DGYRO,202180131,-13,0,-8,0,1*5F
$PSTM3DGYRO,202248058,262,-142,-1214,0,1*5B
$PSTM3DGYRO,202316376,83,19,-612,0,1*42
$PSTM3DGYRO,202384422,685,-327,-2418,0,1*56
$PSTM3DGYRO,202452569,674,-334,-3589,0,1*50
$PSTM3DGYRO,202520798,711,-543,-6067,0,1*5C
$PSTM3DGYRO,202589040,579,-496,-5991,0,1*5B
$PSTM3DGYRO,202657251,415,-300,-4948,0,1*5F
$PSTM3DGYRO,202725423,349,-259,-3674,0,1*5C
$PSTM3DGYRO,202793819,328,-239,-2437,0,1*51
$PSTMDRGPS,19.033694169,-98.314584046,0.00000,0.00000,99.000,99.000,99.000,0.000,0.000,0.00000*54
$GPRMC,122608.000,V,1902.0217,N,09818.8750,W,0.0,0.0,131216,,,E*6A
$GPGGA,122608.000,1902.0217,N,09818.8750,W,0,00,99.0,2139.78,M,-9.1,M,,*6F
$GPVTG,0.0,T,,M,0.0,N,0.0,K,E*09
$GNGSA,A,1,,,,,,,,,,,,,99.0,99.0,99.0*1E
$GNGSA,A,1,,,,,,,,,,,,,99.0,99.0,99.0*1E
$GPGSV,3,1,12,02,45,011,,05,79,145,,06,18,043,,12,67,294,*75
$GPGSV,3,2,12,13,11,160,,15,04,191,,17,13,102,,19,23,091,*71
$GPGSV,3,3,12,20,30,213,,24,14,223,,25,28,317,,29,06,311,*7D
$GLGSV,3,1,10,74,05,325,,73,31,283,,82,25,050,,73,34,273,*66
$GLGSV,3,2,10,84,04,302,,83,29,349,,67,29,044,,68,57,116,*62
$GLGSV,3,3,10,80,27,218,,69,26,178,,,,,,,,,*67
$PSTM3DACC,202860710,48,1136,16128*21
$PSTM3DACC,202928801,16,1264,16048*2B
$PSTM3DACC,202997003,64,1376,16016*29
$PSTM3DACC,203065127,64,1264,16080*26
$PSTM3DACC,203133302,-48,1312,16128*01
$PSTM3DACC,203201562,-32,1360,16160*07
$PSTM3DACC,203269738,16,1616,16080*24
$PSTM3DACC,203337884,64,1456,16336*2B
$PSTM3DACC,203406175,-224,1792,15808*3C
$PSTM3DACC,203474293,176,1216,16672*12
$PSTM3DACC,203542491,-112,1248,16080*3D
$PSTM3DACC,203610698,-352,2288,15360*35
$PSTM3DACC,203678913,-144,1696,15968*38
$PSTM3DACC,203747129,-256,1792,15984*33
$PSTM3DACC,203815485,-112,1744,16016*31
$PSTM3DGYRO,202862151,131,-78,-998,0,1*52
$PSTM3DGYRO,202930173,-77,54,345,0,1*4E
$PSTM3DGYRO,202998371,-268,191,1703,0,1*7F
$PSTM3DGYRO,203066446,-422,341,3040,0,1*70
$PSTM3DGYRO,203134688,-654,496,4255,0,1*79
$PSTM3DGYRO,203202899,-812,612,5559,0,1*79
$PSTM3DGYRO,203271058,-732,510,5461,0,1*7E
$PSTM3DGYRO,203339195,-933,485,5029,0,1*79
$PSTM3DGYRO,203407540,-535,164,5019,0,1*7C
$PSTM3DGYRO,203475608,-896,520,4783,0,1*73
$PSTM3DGYRO,203543802,16,-29,5188,0,1*73
$PSTM3DGYRO,203612008,-939,450,4419,0,1*74
$PSTM3DGYRO,203680250,-548,53,5257,0,1*40
$PSTM3DGYRO,203748452,-493,148,5552,0,1*7F
$PSTM3DGYRO,203816894,-542,134,4110,0,1*78
$PSTM3DGYRO,203885102,117,-468,3162,0,1*7E
$PSTMDRGPS,19.033694169,-98.314584046,0.00000,0.00000,99.000,99.000,99.000,0.000,0.000,0.00000*54
$GPRMC,122609.000,V,1902.0217,N,09818.8750,W,0.0,0.0,131216,,,E*6B
$GPGGA,122609.000,1902.0217,N,09818.8750,W,0,00,99.0,2139.78,M,-9.1,M,,*6E
$GPVTG,0.0,T,,M,0.0,N,0.0,K,E*09
$GNGSA,A,1,,,,,,,,,,,,,99.0,99.0,99.0*1E
$GNGSA,A,1,,,,,,,,,,,,,99.0,99.0,99.0*1E
$GPGSV,3,1,12,02,45,011,,05,79,145,,06,18,043,,12,67,294,*75
$GPGSV,3,2,12,13,11,160,,15,04,191,,17,13,102,,19,23,091,*71
$GPGSV,3,3,12,20,30,213,,24,14,223,,25,28,317,,29,06,311,*7D
$GLGSV,3,1,10,74,05,325,,73,31,283,,82,25,050,,73,34,272,*67
$GLGSV,3,2,10,84,04,302,,83,29,349,,67,29,044,,68,57,116,*62
$GLGSV,3,3,10,80,27,218,,69,26,178,,,,,,,,,*67
$PSTM3DACC,203883704,-320,1904,15792*35
$PSTM3DACC,203951847,-288,1984,15872*39
$PSTM3DACC,204019910,-320,1792,16016*3B
$PSTM3DACC,204088107,-176,1840,16048*37
$PSTM3DACC,204156309,-192,2016,16000*37
$PSTM3DACC,204224779,-224,1968,15920*37
$PSTM3DACC,204292741,-32,1472,16176*0A
$PSTM3DACC,204360985,-80,1984,15936*02
$PSTM3DACC,204429149,-176,1568,15936*36
$PSTM3DACC,204497351,-672,1888,15088*34
$PSTM3DACC,204565525,-224,1472,15888*3B
$PSTM3DACC,204633786,-112,1408,16096*3F
$PSTM3DACC,204701951,-160,1376,16080*37
$PSTM3DACC,204770248,-176,1344,16016*3B
$PSTM3DACC,204838473,-96,1536,16112*0F
$PSTM3DGYRO,203953258,-322,376,1624,0,1*73
$PSTM3DGYRO,204021224,-15,-24,548,0,1*65
$PSTM3DGYRO,204089422,-69,148,-875,0,1*54
$PSTM3DGYRO,204157637,335,-290,-2046,0,1*56
$PSTM3DGYRO,204226167,930,-1130,-3026,0,1*61
$PSTM3DGYRO,204294069,1102,-261,-4532,0,1*6E
$PSTM3DGYRO,204362307,709,-295,-5334,0,1*5B
$PSTM3DGYRO,204430491,658,-276,-5446,0,1*59
$PSTM3DGYRO,204498693,1033,-410,-4848,0,1*64
$PSTM3DGYRO,204566835,312,-241,-3993,0,1*55
$PSTM3DGYRO,204635146,148,-108,-2507,0,1*5E
$PSTM3DGYRO,204703288,29,-44,-1233,0,1*57
$PSTM3DGYRO,204771626,-27,57,-147,0,1*6F
$PSTM3DGYRO,204839860,-7,39,-3,0,1*5B
$PSTM3DGYRO,204908163,0,-1,-24,0,1*5B
$PSTMDRGPS,19.033694169,-98.314584046,0.00000,0.00000,99.000,99.000,99.000,0.000,0.000,0.00000*54
$GPRMC,122610.000,V,1902.0217,N,09818.8750,W,0.0,0.0,131216,,,E*63
$GPGGA,122610.000,1902.0217,N,09818.8750,W,0,00,99.0,2139.78,M,-9.1,M,,*66
$GPVTG,0.0,T,,M,0.0,N,0.0,K,E*09
$GNGSA,A,1,,,,,,,,,,,,,99.0,99.0,99.0*1E
$GNGSA,A,1,,,,,,,,,,,,,99.0,99.0,99.0*1E
$GPGSV,3,1,12,02,45,011,,05,79,145,,06,18,043,,12,67,294,*75
$GPGSV,3,2,12,13,11,160,,15,04,191,,17,13,102,,19,23,091,*71
$GPGSV,3,3,12,20,30,213,,24,14,223,,25,28,317,,29,06,311,*7D
$GLGSV,3,1,10,74,05,325,,73,31,283,,82,25,050,,73,34,272,*67
$GLGSV,3,2,10,84,04,302,,83,29,349,,67,29,044,,68,57,116,*62
$GLGSV,3,3,10,80,27,218,,69,26,178,,,,,,,,,*67
$PSTM3DACC,204906750,-176,1472,16080*35
$PSTM3DACC,204974868,-112,1536,16080*37
$PSTM3DACC,205042971,-96,1552,16064*06
$PSTM3DACC,205111147,-96,1536,16064*0E
$PSTM3DACC,205179347,-112,1552,16080*37
$PSTM3DACC,205247640,-16,1568,16128*04
$PSTM3DACC,205315829,64,1696,16032*23
$PSTM3DACC,205383973,1040,1168,16928*21
$PSTM3DACC,205452210,848,1552,16704*18
$PSTM3DACC,205520353,256,1376,16176*1C
$PSTM3DACC,205588622,176,1408,16048*1E
$PSTM3DACC,205656771,96,1152,16048*2C
$PSTM3DACC,205724982,16,1136,16016*2B
$PSTM3DACC,205793170,96,1232,16080*22
$PSTM3DACC,205861494,128,1152,16160*11
$PSTM3DGYRO,204976263,7,36,-44,0,1*49
$PSTM3DGYRO,205044350,-40,26,21,0,1*70
$PSTM3DGYRO,205112470,-9,-6,-39,0,1*71
$PSTM3DGYRO,205180663,-5,0,-31,0,1*55
$PSTM3DGYRO,205248981,170,-89,-1214,0,1*67
$PSTM3DGYRO,205317222,221,-165,-2417,0,1*5C
$PSTM3DGYRO,205385297,501,-188,-859,0,1*6B
$PSTM3DGYRO,205453556,1265,-740,-3720,0,1*69
$PSTM3DGYRO,205521667,734,-575,-6417,0,1*5A
$PSTM3DGYRO,205589986,554,-440,-6545,0,1*5D
$PSTM3DGYRO,205658082,482,-359,-5233,0,1*5F
$PSTM3DGYRO,205726315,350,-244,-4016,0,1*5B
$PSTM3DGYRO,205794499,387,-275,-2771,0,1*59
$PSTM3DGYRO,205862940,144,-91,-1471,0,1*63
$PSTMDRGPS,19.033694169,-98.314584046,0.00000,0.00000,99.000,99.000,99.000,0.000,0.000,0.00000*54
$GPRMC,122611.000,V,1902.0217,N,09818.8750,W,0.0,0.0,131216,,,E*62
$GPGGA,122611.000,1902.0217,N,09818.8750,W,0,00,99.0,2139.78,M,-9.1,M,,*67
$GPVTG,0.0,T,,M,0.0,N,0.0,K,E*09
$GNGSA,A,1,,,,,,,,,,,,,99.0,99.0,99.0*1E
$GNGSA,A,1,,,,,,,,,,,,,99.0,99.0,99.0*1E
$GPGSV,3,1,12,02,45,011,,05,79,145,,06,18,043,,12,67,294,*75
$GPGSV,3,2,12,13,11,160,,15,04,191,,17,13,102,,19,23,091,*71
$GPGSV,3,3,12,20,30,213,,24,14,223,,25,28,317,,29,06,311,*7D
$GLGSV,3,1,10,74,05,325,,73,31,283,,82,25,050,,73,34,272,*67
$GLGSV,3,2,10,84,04,302,,83,29,349,,67,29,044,,68,57,116,*62
$GLGSV,3,3,10,80,27,218,,69,26,178,,,,,,,,,*67
$PSTM3DACC,205929793,64,1296,16016*2A
$PSTM3DACC,205997831,64,1216,16128*2C
$PSTM3DACC,206065976,48,1136,16128*26
$PSTM3DACC,206134235,64,1168,16160*26
$PSTM3DACC,206202360,80,1216,16192*2C
$PSTM3DACC,206270801,-32,1408,15984*04
$PSTM3DACC,206338822,-112,1600,15888*3C
$PSTM3DACC,206407039,-96,1888,16000*0D
$PSTM3DACC,206475231,-96,1728,16064*05
$PSTM3DACC,206543393,-224,1536,16016*3B
$PSTM3DACC,206611680,752,1184,17488*1E
$PSTM3DACC,206679829,-80,1376,16192*08
$PSTM3DACC,206748044,-144,1728,16000*34
$PSTM3DACC,206816200,-192,1872,15936*36
$PSTM3DACC,206884528,-112,1584,16240*35
$PSTM3DGYRO,205931183,-33,44,26,0,1*70
$PSTM3DGYRO,205999182,-208,167,1307,0,1*78
$PSTM3DGYRO,206067301,-346,276,2713,0,1*70
$PSTM3DGYRO,206135559,-527,401,3911,0,1*77
$PSTM3DGYRO,206203684,-691,538,5125,0,1*7E
$PSTM3DGYRO,206272221,-808,635,6203,0,1*77
$PSTM3DGYRO,206340204,-1055,63
