$GPRMC,123506.000,V,1902.0217,N,09818.8750,W,0.0,0.0,131216,,,E*66
$GPGGA,123506.000,1902.0217,N,09818.8750,W,0,00,99.0,2139.78,M,-9.1,M,,*63
$GPVTG,0.0,T,,M,0.0,N,0.0,K,E*09
$GNGSA,A,1,,,,,,,,,,,,,99.0,99.0,99.0*1E
$GNGSA,A,1,,,,,,,,,,,,,99.0,99.0,99.0*1E
$GPGSV,3,1,12,02,43,016,,05,82,120,,06,16,046,,12,69,283,*70
$GPGSV,3,2,12,13,13,157,,15,06,189,,17,11,105,,19,21,095,*7F
$GPGSV,3,3,12,20,34,215,,24,13,220,,25,31,315,,29,09,314,*7B
$GLGSV,3,1,10,74,06,322,,73,30,277,,82,25,055,,73,32,267,*6E
$GLGSV,3,2,10,84,05,306,,83,31,355,,67,26,040,,68,59,107,*66
$GLGSV,3,3,10,80,24,214,,69,30,177,,,,,,,,,*60
$PSTM3DACC,753250853,-144,1488,16048*36
$PSTM3DACC,753318859,-144,1488,16128*36
$PSTM3DACC,753387051,-144,1456,16080*30
$PSTM3DACC,753455355,-128,1456,16032*3C
$PSTM3DACC,753523453,-144,1536,16048*3D
$PSTM3DACC,753591643,-128,1536,16048*3D
$PSTM3DACC,753659900,-96,1472,16016*0C
$PSTM3DACC,753728074,-144,1488,16128*36
$PSTM3DACC,753796303,-112,1472,16080*35
$PSTM3DACC,753864438,-80,1520,16032*0D
$PSTM3DACC,753932671,-96,1504,16144*01
$PSTM3DACC,754000887,-112,1536,16080*3C
$PSTM3DACC,754069053,-144,1488,16048*31
$PSTM3DACC,754137236,-144,1472,16016*34
$PSTM3DACC,754205561,-176,1536,15984*32
$PSTM3DGYRO,753252275,-12,-5,1,0,1*5C
$PSTM3DGYRO,753320183,-5,26,-42,0,1*62
$PSTM3DGYRO,753388393,-15,5,-20,0,1*67
$PSTM3DGYRO,753456746,6,2,-31,0,1*77
$PSTM3DGYRO,753524809,18,14,-10,0,1*7C
$PSTM3DGYRO,753592975,-23,13,-22,0,1*58
$PSTM3DGYRO,753661238,2,7,-38,0,1*75
$PSTM3DGYRO,753729420,-1,8,17,0,1*76
$PSTM3DGYRO,753797672,3,-4,2,0,1*4C
$PSTM3DGYRO,753865757,-20,13,-1,0,1*61
$PSTM3DGYRO,753934023,4,16,-15,0,1*4B
$PSTM3DGYRO,754002238,-13,18,2,0,1*46
$PSTM3DGYRO,754070364,-4,19,-16,0,1*64
$PSTM3DGYRO,754138546,-14,8,-6,0,1*5F
$PSTM3DGYRO,754206966,8,11,21,0,1*6F
$PSTMDRGPS,19.033694169,-98.314584046,0.00000,0.00000,99.000,99.000,99.000,0.000,0.000,0.00000*54
$GPRMC,123507.000,V,1902.0217,N,09818.8750,W,0.0,0.0,131216,,,E*67
$GPGGA,123507.000,1902.0217,N,09818.8750,W,0,00,99.0,2139.78,M,-9.1,M,,*62
$GPVTG,0.0,T,,M,0.0,N,0.0,K,E*09
$GNGSA,A,1,,,,,,,,,,,,,99.0,99.0,99.0*1E
$GNGSA,A,1,,,,,,,,,,,,,99.0,99.0,99.0*1E
$GPGSV,3,1,12,02,43,016,,05,82,120,,06,16,046,,12,69,283,*70
$GPGSV,3,2,12,13,13,157,,15,06,189,,17,11,105,,19,21,095,*7F
$GPGSV,3,3,12,20,34,215,,24,13,220,,25,31,315,,29,09,314,*7B
$GLGSV,3,1,10,74,06,322,,73,30,277,,82,25,055,,73,32,267,*6E
$GLGSV,3,2,10,84,05,306,,83,31,355,,67,26,040,,68,59,107,*66
$GLGSV,3,3,10,80,24,214,,69,31,177,,,,,,,,,*61
$PSTM3DACC,754273854,-160,1536,16080*31
$PSTM3DACC,754341896,-160,1472,16048*3A
$PSTM3DACC,754410077,-160,1536,16080*3B
$PSTM3DACC,754478294,-112,1504,16064*34
$PSTM3DACC,754546498,-160,1472,16080*3D
$PSTM3DACC,754614747,-48,1488,16096*01
$PSTM3DACC,754683074,-112,1536,16096*32
$PSTM3DACC,754751073,-80,1536,16080*06
$PSTM3DACC,754819339,-128,1520,16016*33
$PSTM3DACC,754887463,-144,1488,16128*39
$PSTM3DACC,754955705,-144,1488,16032*3E
$PSTM3DACC,755023875,-144,1488,16032*3F
$PSTM3DACC,755092112,-112,1440,16080*33
$PSTM3DACC,755160300,-128,1568,16064*36
$PSTM3DACC,755228642,-112,1488,16064*3C
$PSTM3DGYRO,754275258,21,8,5,0,1*58
$PSTM3DGYRO,754343224,30,-9,-4,0,1*57
$PSTM3DGYRO,754411414,14,25,-12,0,1*70
$PSTM3DGYRO,754479623,25,18,7,0,1*6D
$PSTM3DGYRO,754547835,-11,40,9,0,1*41
$PSTM3DGYRO,754616098,-12,-3,9,0,1*50
$PSTM3DGYRO,754684442,5,-6,-22,0,1*52
$PSTM3DGYRO,754752391,8,27,-7,0,1*75
$PSTM3DGYRO,754820682,19,14,-8,0,1*47
$PSTM3DGYRO,754888773,2,-11,-1,0,1*51
$PSTM3DGYRO,754957059,-6,8,-26,0,1*54
$PSTM3DGYRO,755025185,-12,-4,-43,0,1*4E
$PSTM3DGYRO,755093445,-4,23,14,0,1*4A
$PSTM3DGYRO,755161611,40,34,-2,0,1*44
$PSTM3DGYRO,755230053,11,3,-14,0,1*44
$PSTMDRGPS,19.033694169,-98.314584046,0.00000,0.00000,99.000,99.000,99.000,0.000,0.000,0.00000*54
$GPRMC,123508.000,V,1902.0217,N,09818.8750,W,0.0,0.0,131216,,,E*68
$GPGGA,123508.000,1902.0217,N,09818.8750,W,0,00,99.0,2139.78,M,-9.1,M,,*6D
$GPVTG,0.0,T,,M,0.0,N,0.0,K,E*09
$GNGSA,A,1,,,,,,,,,,,,,99.0,99.0,99.0*1E
$GNGSA,A,1,,,,,,,,,,,,,99.0,99.0,99.0*1E
$GPGSV,3,1,12,02,43,016,,05,82,120,,06,16,046,,12,69,283,*70
$GPGSV,3,2,12,13,13,157,,15,06,189,,17,11,105,,19,21,095,*7F
$GPGSV,3,3,12,20,34,215,,24,13,220,,25,31,315,,29,09,314,*7B
$GLGSV,3,1,10,74,06,322,,73,30,277,,82,25,055,,73,32,267,*6E
$GLGSV,3,2,10,84,05,306,,83,31,355,,67,26,040,,68,59,107,*66
$GLGSV,3,3,10,80,24,214,,69,31,177,,,,,,,,,*61
$PSTM3DACC,755296894,-128,1472,16032*33
$PSTM3DACC,755365024,-96,1456,16048*02
$PSTM3DACC,755433143,-128,1536,16080*31
$PSTM3DACC,755501308,-128,1568,16048*33
$PSTM3DACC,755569487,-112,1536,16016*34
$PSTM3DACC,755637779,-64,1408,16064*07
$PSTM3DACC,755705991,-160,1536,16048*38
$PSTM3DACC,755774135,-64,1680,15968*0B
$PSTM3DACC,755842296,-64,1584,16080*00
$PSTM3DACC,755910511,-144,1472,16048*31
$PSTM3DACC,755978727,-64,1264,16112*04
$PSTM3DACC,756046902,-128,1488,16032*34
$PSTM3DACC,756115095,-80,1536,15984*04
$PSTM3DACC,756183296,-144,1344,16160*31
$PSTM3DACC,756251630,-128,1504,16064*38
$PSTM3DGYRO,755298294,-36,-15,0,0,1*65
$PSTM3DGYRO,755366389,4,0,-4,0,1*44
$PSTM3DGYRO,755434493,-28,32,-5,0,1*6B
$PSTM3DGYRO,755502641,-20,-16,-29,0,1*7F
$PSTM3DGYRO,755570802,22,6,-52,0,1*4C
$PSTM3DGYRO,755639170,56,-63,-450,0,1*65
$PSTM3DGYRO,755707346,106,-47,-434,0,1*5E
$PSTM3DGYRO,755775485,31,-43,-410,0,1*64
$PSTM3DGYRO,755843620,72,-25,-481,0,1*6C
$PSTM3DGYRO,755911830,86,-50,-468,0,1*6B
$PSTM3DGYRO,755980077,23,-32,-450,0,1*68
$PSTM3DGYRO,756048213,-41,40,445,0,1*4E
$PSTM3DGYRO,756116405,-61,26,410,0,1*47
$PSTM3DGYRO,756184606,-90,65,459,0,1*49
$PSTM3DGYRO,756253062,-61,19,414,0,1*48
$PSTM3DGYRO,756321300,-62,41,480,0,1*48
$PSTMDRGPS,19.033694169,-98.314584046,0.00000,0.00000,99.000,99.000,99.000,0.000,0.000,0.00000*54
$GPRMC,123509.000,V,1902.0217,N,09818.8750,W,0.0,0.0,131216,,,E*69
$GPGGA,123509.000,1902.0217,N,09818.8750,W,0,00,99.0,2139.78,M,-9.1,M,,*6C
$GPVTG,0.0,T,,M,0.0,N,0.0,K,E*09
$GNGSA,A,1,,,,,,,,,,,,,99.0,99.0,99.0*1E
$GNGSA,A,1,,,,,,,,,,,,,99.0,99.0,99.0*1E
$GPGSV,3,1,12,02,43,016,,05,82,120,,06,16,046,,12,69,283,*70
$GPGSV,3,2,12,13,13,157,,15,06,189,,17,11,105,,19,21,095,*7F
$GPGSV,3,3,12,20,34,215,,24,13,220,,25,31,315,,29,09,314,*7B
$GLGSV,3,1,10,74,06,322,,73,30,277,,82,25,055,,73,32,267,*6E
$GLGSV,3,2,10,84,05,306,,83,31,355,,67,26,040,,68,59,107,*66
$GLGSV,3,3,10,80,24,214,,69,31,177,,,,,,,,,*61
$PSTM3DACC,756319891,-112,1488,16080*36
$PSTM3DACC,756388003,-96,1456,16048*07
$PSTM3DACC,756456157,-128,1552,16048*32
$PSTM3DACC,756524398,-128,1392,16048*3D
$PSTM3DACC,756592518,-128,1504,16032*3A
$PSTM3DACC,756660725,-128,1536,16192*32
$PSTM3DACC,756729147,-128,1392,16016*39
$PSTM3DACC,756797210,-112,1536,16032*3A
$PSTM3DACC,756865340,-96,1680,16064*0C
$PSTM3DACC,756933524,-64,1584,16096*0D
$PSTM3DACC,757001757,-240,1472,16144*30
$PSTM3DACC,757070017,-144,1568,15984*3F
$PSTM3DACC,757138137,-176,1536,15968*39
$PSTM3DACC,757206355,-128,1536,16080*36
$PSTM3DACC,757274665,-160,1536,16032*30
$PSTM3DGYRO,756389357,-58,43,432,0,1*4A
$PSTM3DGYRO,756457494,-50,80,436,0,1*45
$PSTM3DGYRO,756525766,-42,34,416,0,1*41
$PSTM3DGYRO,756593871,-85,70,439,0,1*43
$PSTM3DGYRO,756662066,-93,69,453,0,1*43
$PSTM3DGYRO,756730557,-87,71,455,0,1*48
$PSTM3DGYRO,756798561,-37,45,497,0,1*4D
$PSTM3DGYRO,756866654,74,-59,-462,0,1*6B
$PSTM3DGYRO,756934835,110,-29,-482,0,1*5E
$PSTM3DGYRO,757003098,92,-44,-475,0,1*65
$PSTM3DGYRO,757071380,28,-24,-447,0,1*6C
$PSTM3DGYRO,757139452,43,-41,-443,0,1*63
$PSTM3DGYRO,757207665,73,-33,-461,0,1*6D
$PSTM3DGYRO,757276101,-36,24,6,0,1*41
$PSTMDRGPS,19.033694169,-98.314584046,0.00000,0.00000,99.000,99.000,99.000,0.000,0.000,0.00000*54
$GPRMC,123510.000,V,1902.0217,N,09818.8750,W,0.0,0.0,131216,,,E*61
$GPGGA,123510.000,1902.0217,N,09818.8750,W,0,00,99.0,2139.78,M,-9.1,M,,*64
$GPVTG,0.0,T,,M,0.0,N,0.0,K,E*09
$GNGSA,A,1,,,,,,,,,,,,,99.0,99.0,99.0*1E
$GNGSA,A,1,,,,,,,,,,,,,99.0,99.0,99.0*1E
$GPGSV,3,1,12,02,43,016,,05,82,120,,06,16,046,,12,69,283,*70
$GPGSV,3,2,12,13,13,157,,15,06,189,,17,11,105,,19,21,095,*7F
$GPGSV,3,3,12,20,34,215,,24,13,220,,25,31,315,,29,09,314,*7B
$GLGSV,3,1,10,74,06,322,,73,30,277,,82,25,055,,73,32,267,*6E
$GLGSV,3,2,10,84,05,306,,83,31,355,,67,26,040,,68,59,107,*66
$GLGSV,3,3,10,80,24,214,,69,31,177,,,,,,,,,*61
$PSTM3DACC,757342988,-176,1536,16080*36
$PSTM3DACC,757411004,-112,1504,16064*33
$PSTM3DACC,757479152,-128,1536,16080*3D
$PSTM3DACC,757547346,-144,1488,16096*3F
$PSTM3DACC,757615578,-112,1536,16128*33
$PSTM3DACC,757683750,-64,1584,16064*04
$PSTM3DACC,757752029,-112,1584,16016*35
$PSTM3DACC,757820253,-144,1456,16096*35
$PSTM3DACC,757888521,-112,1584,15968*33
$PSTM3DACC,757956590,-128,1312,16128*34
$PSTM3DACC,758024773,-96,1568,16016*0B
$PSTM3DACC,758093012,-224,1280,15968*3E
$PSTM3DACC,758161175,-160,1216,16176*3A
$PSTM3DACC,758229374,-176,1440,16032*35
$PSTM3DACC,758297717,-128,1440,16048*37
$PSTM3DGYRO,757344423,12,-9,-4,0,1*52
$PSTM3DGYRO,757412318,-19,13,-4,0,1*69
$PSTM3DGYRO,757480485,8,-10,-26,0,1*62
$PSTM3DGYRO,757548683,7,6,-13,0,1*70
$PSTM3DGYRO,757616925,-31,-1,16,0,1*61
$PSTM3DGYRO,757685065,25,-12,-32,0,1*57
$PSTM3DGYRO,757753397,143,-59,-932,0,1*54
$PSTM3DGYRO,757821626,135,-103,-914,0,1*6A
$PSTM3DGYRO,757889913,90,-65,-866,0,1*6A
$PSTM3DGYRO,757957922,-22,5,-748,0,1*56
$PSTM3DGYRO,758026128,59,-53,-845,0,1*69
$PSTM3DGYRO,758094362,93,-40,-880,0,1*61
$PSTM3DGYRO,758162517,-86,48,409,0,1*41
$PSTM3DGYRO,758230715,-167,113,867,0,1*40
$PSTM3DGYRO,758299115,-123,83,851,0,1*78
$PSTM3DGYRO,758367332,-140,78,861,0,1*7D
$PSTMDRGPS,19.033694169,-98.314584046,0.00000,0.00000,99.000,99.000,99.000,0.000,0.000,0.00000*54
$GPRMC,123511.000,V,1902.0217,N,09818.8750,W,0.0,0.0,131216,,,E*60
$GPGGA,123511.000,1902.0217,N,09818.8750,W,0,00,99.0,2139.78,M,-9.1,M,,*65
$GPVTG,0.0,T,,M,0.0,N,0.0,K,E*09
$GNGSA,A,1,,,,,,,,,,,,,99.0,99.0,99.0*1E
$GNGSA,A,1,,,,,,,,,,,,,99.0,99.0,99.0*1E
$GPGSV,3,1,12,02,43,016,,05,82,120,,06,16,046,,12,69,283,*70
$GPGSV,3,2,12,13,13,157,,15,06,189,,17,11,105,,19,21,095,*7F
$GPGSV,3,3,12,20,34,215,,24,13,220,,25,31,315,,29,09,314,*7B
$GLGSV,3,1,10,74,06,322,,73,30,277,,82,25,055,,73,32,267,*6E
$GLGSV,3,2,10,84,05,306,,83,31,355,,67,26,040,,68,59,107,*66
$GLGSV,3,3,10,80,24,214,,69,31,177,,,,,,,,,*61
$PSTM3DACC,758365959,-144,1600,16000*3F
$PSTM3DACC,758434080,-160,1536,16080*39
$PSTM3DACC,758502215,-176,1584,16064*37
$PSTM3DACC,758570405,-176,1392,16144*37
$PSTM3DACC,758638569,-208,1504,15952*3C
$PSTM3DACC,758706928,-176,1488,16128*30
$PSTM3DACC,758775190,-192,1600,16000*3C
$PSTM3DACC,758843267,-128,1568,16144*30
$PSTM3DACC,758911382,-208,1536,16016*30
$PSTM3DACC,758979623,-96,1776,16128*0F
$PSTM3DACC,759047791,-112,1808,15984*34
$PSTM3DACC,759116010,-240,1568,16112*34
$PSTM3DACC,759184193,-208,1472,16096*3E
$PSTM3DACC,759252400,-144,1680,15984*34
$PSTM3DACC,759320768,-160,1536,16016*34
$PSTM3DGYRO,758435449,-125,92,887,0,1*79
$PSTM3DGYRO,758503543,-115,110,883,0,1*4A
$PSTM3DGYRO,758571733,-122,55,900,0,1*74
$PSTM3DGYRO,758639896,-88,73,896,0,1*40
$PSTM3DGYRO,758708297,-121,37,852,0,1*72
$PSTM3DGYRO,758776576,-128,71,850,0,1*7A
$PSTM3DGYRO,758844622,-93,60,878,0,1*4D
$PSTM3DGYRO,758912720,-119,47,871,0,1*73
$PSTM3DGYRO,758980981,-31,16,399,0,1*4F
$PSTM3DGYRO,759049151,185,-93,-882,0,1*58
$PSTM3DGYRO,759117320,157,-77,-908,0,1*50
$PSTM3DGYRO,759185503,137,-97,-886,0,1*53
$PSTM3DGYRO,759253728,132,-59,-920,0,1*5A
$PSTM3DGYRO,759322168,114,-76,-963,0,1*51
$PSTMDRGPS,19.033694169,-98.314584046,0.00000,0.00000,99.000,99.000,99.000,0.000,0.000,0.00000*54
$GPRMC,123512.000,V,1902.0217,N,09818.8750,W,0.0,0.0,131216,,,E*63
$GPGGA,123512.000,1902.0217,N,09818.8750,W,0,00,99.0,2139.78,M,-9.1,M,,*66
$GPVTG,0.0,T,,M,0.0,N,0.0,K,E*09
$GNGSA,A,1,,,,,,,,,,,,,99.0,99.0,99.0*1E
$GNGSA,A,1,,,,,,,,,,,,,99.0,99.0,99.0*1E
$GPGSV,3,1,12,02,43,016,,05,82,120,,06,16,046,,12,69,283,*70
$GPGSV,3,2,12,13,13,157,,15,06,189,,17,11,105,,19,21,095,*7F
$GPGSV,3,3,12,20,34,215,,24,13,220,,25,31,315,,29,09,314,*7B
$GLGSV,3,1,10,74,06,322,,73,30,277,,82,25,055,,73,32,267,*6E
$GLGSV,3,2,10,84,05,306,,83,31,355,,67,26,040,,68,59,107,*66
$GLGSV,3,3,10,80,24,214,,69,31,177,,,,,,,,,*61
$PSTM3DACC,759388999,-176,1440,16000*36
$PSTM3DACC,759457103,-208,1376,16016*37
$PSTM3DACC,759525321,-176,1504,16048*33
$PSTM3DACC,759593432,-160,1536,16128*3A
$PSTM3DACC,759661603,-128,1536,16048*3F
$PSTM3DACC,759729823,-176,1536,16064*3B
$PSTM3DACC,759798030,-128,1536,16064*30
$PSTM3DACC,759866300,-144,1584,16032*3E
$PSTM3DACC,759934411,-16,1760,16016*07
$PSTM3DACC,760002612,-176,1472,16000*30
$PSTM3DACC,760070924,-144,1376,16000*3D
$PSTM3DACC,760139058,-112,1424,16080*38
$PSTM3DACC,760207229,-64,1424,16080*02
$PSTM3DACC,760275439,-2160,768,14240*31
$PSTM3DACC,760343813,-208,1424,15888*3B
$PSTM3DGYRO,759390399,117,-74,-926,0,1*54
$PSTM3DGYRO,759458443,-23,21,-36,0,1*59
$PSTM3DGYRO,759526709,9,23,5,0,1*56
$PSTM3DGYRO,759594765,-3,15,-22,0,1*6F
$PSTM3DGYRO,759662918,10,-9,15,0,1*47
$PSTM3DGYRO,759731147,36,-16,-12,0,1*52
$PSTM3DGYRO,759799376,-8,18,8,0,1*75
$PSTM3DGYRO,759867656,3,-31,-99,0,1*69
$PSTM3DGYRO,759935730,234,-117,-1390,0,1*56
$PSTM3DGYRO,760003922,132,-88,-1253,0,1*61
$PSTM3DGYRO,760072297,154,-97,-1275,0,1*68
$PSTM3DGYRO,760140410,142,-62,-1300,0,1*6F
$PSTM3DGYRO,760208557,119,-67,-1269,0,1*67
$PSTM3DGYRO,760276776,2357,-961,401,0,1*7E
$PSTM3DGYRO,760345227,162,-77,87,0,1*4C
$PSTM3DGYRO,760413429,-246,172,1329,0,1*77
$PSTMDRGPS,19.033694169,-98.314584046,0.00000,0.00000,99.000,99.000,99.000,0.000,0.000,0.00000*54
$GPRMC,123513.000,V,1902.0217,N,09818.8750,W,0.0,0.0,131216,,,E*62
$GPGGA,123513.000,1902.0217,N,09818.8750,W,0,00,99.0,2139.78,M,-9.1,M,,*67
$GPVTG,0.0,T,,M,0.0,N,0.0,K,E*09
$GNGSA,A,1,,,,,,,,,,,,,99.0,99.0,99.0*1E
$GNGSA,A,1,,,,,,,,,,,,,99.0,99.0,99.0*1E
$GPGSV,3,1,12,02,43,016,,05,82,120,,06,16,046,,12,69,283,*70
$GPGSV,3,2,12,13,13,157,,15,06,189,,17,11,105,,19,21,095,*7F
$GPGSV,3,3,12,20,34,215,,24,13,220,,25,31,315,,29,09,314,*7B
$GLGSV,3,1,10,74,06,322,,73,30,277,,82,25,055,,73,32,267,*6E
$GLGSV,3,2,10,84,05,306,,83,31,355,,67,26,040,,68,59,107,*66
$GLGSV,3,3,10,80,24,214,,69,31,177,,,,,,,,,*61
$PSTM3DACC,760412042,16,1456,16192*20
$PSTM3DACC,760480081,-64,1472,16064*02
$PSTM3DACC,760548247,-96,1536,15920*09
$PSTM3DACC,760616458,-16,1568,15984*04
$PSTM3DACC,760684669,-112,1568,16032*3D
$PSTM3DACC,760752850,-160,1536,16080*34
$PSTM3DACC,760821231,-192,1568,16064*3E
$PSTM3DACC,760889330,-128,1536,16032*35
$PSTM3DACC,760957523,-240,1568,16032*35
$PSTM3DACC,761025639,-240,1536,16016*3D
$PSTM3DACC,761093863,-144,1456,16016*31
$PSTM3DACC,761162092,-128,1616,16096*3C
$PSTM3DACC,761230272,-48,1808,15984*0B
$PSTM3DACC,761298464,-208,1376,16080*32
$PSTM3DACC,761366809,-160,1536,16128*39
$PSTM3DGYRO,760481437,-205,176,1333,0,1*7B
$PSTM3DGYRO,760549571,-218,116,1363,0,1*72
$PSTM3DGYRO,760617786,-237,144,1351,0,1*7B
$PSTM3DGYRO,760685997,-280,155,1322,0,1*76
$PSTM3DGYRO,760754169,-194,128,1312,0,1*7D
$PSTM3DGYRO,760822627,-163,132,1299,0,1*7F
$PSTM3DGYRO,760890676,-163,108,1185,0,1*75
$PSTM3DGYRO,760958869,-299,164,1133,0,1*71
$PSTM3DGYRO,761026950,-124,51,1112,0,1*4A
$PSTM3DGYRO,761095187,85,-42,835,0,1*45
$PSTM3DGYRO,761163452,-202,26,1097,0,1*4E
$PSTM3DGYRO,761231613,0,32,-157,0,1*74
$PSTM3DGYRO,761299783,231,-117,-1390,0,1*5D
$PSTM3DGYRO,761368220,243,-131,-1347,0,1*55
$PSTMDRGPS,19.033694169,-98.314584046,0.00000,0.00000,99.000,99.000,99.000,0.000,0.000,0.00000*54
$GPRMC,123514.000,V,1902.0217,N,09818.8750,W,0.0,0.0,131216,,,E*65
$GPGGA,123514.000,1902.0217,N,09818.8750,W,0,00,99.0,2139.78,M,-9.1,M,,*60
$GPVTG,0.0,T,,M,0.0,N,0.0,K,E*09
$GNGSA,A,1,,,,,,,,,,,,,99.0,99.0,99.0*1E
$GNGSA,A,1,,,,,,,,,,,,,99.0,99.0,99.0*1E
$GPGSV,3,1,12,02,43,016,,05,82,120,,06,16,046,,12,69,283,*70
$GPGSV,3,2,12,13,13,157,,15,06,189,,17,11,105,,19,21,095,*7F
$GPGSV,3,3,12,20,34,215,,24,13,220,,25,31,315,,29,09,314,*7B
$GLGSV,3,1,10,74,06,322,,73,30,277,,82,25,055,,73,32,267,*6E
$GLGSV,3,2,10,84,05,306,,83,31,355,,67,26,040,,68,59,107,*66
$GLGSV,3,3,10,80,24,214,,69,31,177,,,,,,,,,*61
$PSTM3DACC,761435078,-192,1568,16016*3C
$PSTM3DACC,761503188,-144,1536,15952*3C
$PSTM3DACC,761571272,-96,1568,16032*06
$PSTM3DACC,761639494,160,1392,16368*1D
$PSTM3DACC,761707667,-96,1584,16032*07
$PSTM3DACC,761775888,-112,1488,16000*3C
$PSTM3DACC,761844067,-128,1536,16048*39
$PSTM3DACC,761912346,-80,1536,16048*08
$PSTM3DACC,761980529,-128,1536,16000*33
$PSTM3DACC,762048706,-48,1472,16080*0C
$PSTM3DACC,762116898,0,1776,16016*17
$PSTM3DACC,762185096,-16,1744,15904*09
$PSTM3DACC,762253300,-112,1488,16064*37
$PSTM3DACC,762321581,-80,1376,16048*0E
$PSTM3DACC,762389837,-64,1424,15984*0C
$PSTM3DGYRO,761436464,240,-154,-1330,0,1*5F
$PSTM3DGYRO,761504568,403,-161,-1239,0,1*5D
$PSTM3DGYRO,761572601,141,-94,-1214,0,1*67
$PSTM3DGYRO,761640830,-42,24,-1010,0,1*56
$PSTM3DGYRO,761708977,-50,21,30,0,1*71
$PSTM3DGYRO,761777234,-20,10,7,0,1*44
$PSTM3DGYRO,761845377,-29,25,-23,0,1*58
$PSTM3DGYRO,761913683,33,24,10,0,1*5E
$PSTM3DGYRO,761981889,26,11,-12,0,1*7C
$PSTM3DGYRO,762050052,-2,27,-4,0,1*5D
$PSTM3DGYRO,762118226,16,-6,-16,0,1*64
$PSTM3DGYRO,762186415,217,-119,-1077,0,1*5F
$PSTM3DGYRO,762254627,457,-188,-1511,0,1*5F
$PSTM3DGYRO,762322926,313,-72,-1483,0,1*68
$PSTM3DGYRO,762391234,119,-84,-1560,0,1*65
$PSTM3DGYRO,762459519,-58,-6,-1352,0,1*4A
$PSTMDRGPS,19.033694169,-98.314584046,0.00000,0.00000,99.000,99.000,99.000,0.000,0.000,0.00000*54
$GPRMC,123515.000,V,1902.0217,N,09818.8750,W,0.0,0.0,131216,,,E*64
$GPGGA,123515.000,1902.0217,N,09818.8750,W,0,00,99.0,2139.78,M,-9.1,M,,*61
$GPVTG,0.0,T,,M,0.0,N,0.0,K,E*09
$GNGSA,A,1,,,,,,,,,,,,,99.0,99.0,99.0*1E
$GNGSA,A,1,,,,,,,,,,,,,99.0,99.0,99.0*1E
$GPGSV,3,1,12,02,43,016,,05,82,120,,06,16,046,,12,69,283,*70
$GPGSV,3,2,12,13,13,157,,15,06,189,,17,11,105,,19,21,095,*7F
$GPGSV,3,3,12,20,34,215,,24,13,220,,25,31,315,,29,09,314,*7B
$GLGSV,3,1,10,74,06,322,,73,30,277,,82,25,055,,73,32,267,*6E
$GLGSV,3,2,10,84,05,306,,83,31,355,,67,26,040,,68,59,107,*66
$GLGSV,3,3,10,80,24,214,,69,31,177,,,,,,,,,*61
$PSTM3DACC,762458111,96,1488,16048*26
$PSTM3DACC,762526192,304,1296,16128*13
$PSTM3DACC,762594329,-32,1328,16096*03
$PSTM3DACC,762662537,-48,1200,16128*02
$PSTM3DACC,762730707,48,1472,16144*21
$PSTM3DACC,762798945,-48,1392,16064*0C
$PSTM3DACC,762867319,-48,1552,16000*08
$PSTM3DACC,762935456,80,1408,16384*2A
$PSTM3DACC,763003506,-240,1536,16032*32
$PSTM3DACC,763071703,-64,1456,16208*08
$PSTM3DACC,763139969,-144,1664,16048*31
$PSTM3DACC,763208125,-160,1536,16128*35
$PSTM3DACC,763276306,-160,1616,16064*37
$PSTM3DACC,763344507,-224,1536,16128*3B
$PSTM3DACC,763412906,96,1376,16464*2B
$PSTM3DGYRO,762527563,107,-121,-889,0,1*61
$PSTM3DGYRO,762595693,77,16,-131,0,1*40
$PSTM3DGYRO,762663901,-167,117,1001,0,1*7D
$PSTM3DGYRO,762732026,-432,258,1757,0,1*7D
$PSTM3DGYRO,762800282,-333,226,1781,0,1*7B
$PSTM3DGYRO,762868710,-313,222,1747,0,1*77
$PSTM3DGYRO,762936839,-490,299,1510,0,1*75
$PSTM3DGYRO,763004857,-342,172,1553,0,1*7D
$PSTM3DGYRO,763073013,-415,161,1375,0,1*70
$PSTM3DGYRO,763141314,-207,137,1579,0,1*78
$PSTM3DGYRO,763209463,-195,89,1197,0,1*48
$PSTM3DGYRO,763277617,-210,119,1410,0,1*7C
$PSTM3DGYRO,763345817,-34,7,1233,0,1*4F
$PSTM3DGYRO,763414297,-126,48,1410,0,1*40
$PSTMDRGPS,19.033694169,-98.314584046,0.00000,0.00000,99.000,99.000,99.000,0.000,0.000,0.00000*54
$GPRMC,123516.000,V,1902.0217,N,09818.8750,W,0.0,0.0,131216,,,E*67
$GPGGA,123516.000,1902.0217,N,09818.8750,W,0,00,99.0,2139.78,M,-9.1,M,,*62
$GPVTG,0.0,T,,M,0.0,N,0.0,K,E*09
$GNGSA,A,1,,,,,,,,,,,,,99.0,99.0,99.0*1E
$GNGSA,A,1,,,,,,,,,,,,,99.0,99.0,99.0*1E
$GPGSV,3,1,12,02,43,016,,05,82,120,,06,16,046,,12,69,283,*70
$GPGSV,3,2,12,13,13,157,,15,06,189,,17,11,105,,19,21,095,*7F
$GPGSV,3,3,12,20,34,215,,24,13,220,,25,31,315,,29,09,314,*7B
$GLGSV,3,1,10,74,06,322,,73,30,277,,82,25,055,,73,32,267,*6E
$GLGSV,3,2,10,84,05,306,,83,31,355,,67,26,040,,68,59,107,*66
$GLGSV,3,3,10,80,24,214,,69,31,177,,,,,,,,,*61
$PSTM3DACC,763481102,-128,1760,16048*3D
$PSTM3DACC,763549201,-224,1728,15984*31
$PSTM3DACC,763617392,-48,1728,16000*0C
$PSTM3DACC,763685632,-256,1552,15968*3E
$PSTM3DACC,763753784,-176,1536,15984*39
$PSTM3DACC,763821948,64,1488,16192*2A
$PSTM3DACC,763890160,32,1456,16208*22
$PSTM3DACC,763958458,0,1312,16112*17
$PSTM3DACC,764026535,-80,1472,16048*00
$PSTM3DACC,764094733,-144,1568,16032*33
$PSTM3DACC,764162940,-64,1536,16048*04
$PSTM3DACC,764231187,-48,1504,16080*09
$PSTM3DACC,764299339,-64,1456,16016*0B
$PSTM3DACC,764367541,0,1504,16064*1E
$PSTM3DACC,764435884,-80,1552,16080*06
$PSTM3DGYRO,763482506,-70,52,795,0,1*46
$PSTM3DGYRO,763550571,119,-62,-488,0,1*57
$PSTM3DGYRO,763618760,264,-135,-1822,0,1*5D
$PSTM3DGYRO,763687030,267,-160,-1778,0,1*5A
$PSTM3DGYRO,763755108,272,-140,-1803,0,1*5B
$PSTM3DGYRO,763823272,157,-92,-1412,0,1*6D
$PSTM3DGYRO,763891474,506,-258,-1354,0,1*55
$PSTM3DGYRO,763959841,-32,15,-979,0,1*67
$PSTM3DGYRO,764027854,-44,16,15,0,1*78
$PSTM3DGYRO,764096044,-36,22,-42,0,1*56
$PSTM3DGYRO,764164264,20,-26,-10,0,1*5E
$PSTM3DGYRO,764232539,-2,37,3,0,1*7E
$PSTM3DGYRO,764300649,0,0,-10,0,1*7E
$PSTM3DGYRO,764368852,13,-2,-28,0,1*62
$PSTM3DGYRO,764437289,26,-17,-75,0,1*59
$PSTM3DGYRO,764505566,237,-89,-1022,0,1*69
$PSTMDRGPS,19.033694169,-98.314584046,0.00000,0.00000,99.000,99.000,99.000,0.000,0.000,0.00000*54
$GPRMC,123517.000,V,1902.0217,N,09818.8750,W,0.0,0.0,131216,,,E*66
$GPGGA,123517.000,1902.0217,N,09818.8750,W,0,00,99.0,2139.78,M,-9.1,M,,*63
$GPVTG,0.0,T,,M,0.0,N,0.0,K,E*09
$GNGSA,A,1,,,,,,,,,,,,,99.0,99.0,99.0*1E
$GNGSA,A,1,,,,,,,,,,,,,99.0,99.0,99.0*1E
$GPGSV,3,1,12,02,43,016,,05,82,120,,06,16,046,,12,69,281,*72
$GPGSV,3,2,12,13,13,157,,15,06,189,,17,11,105,,19,21,095,*7F
$GPGSV,3,3,12,20,34,215,,24,13,220,,25,31,315,,29,09,314,*7B
$GLGSV,3,1,10,74,06,322,,73,30,277,,82,25,055,,73,32,267,*6E
$GLGSV,3,2,10,84,05,306,,83,31,355,,67,26,040,,68,59,107,*66
$GLGSV,3,3,10,80,24,214,,69,31,177,,,,,,,,,*61
$PSTM3DACC,764504144,-80,1664,15920*06
$PSTM3DACC,764572278,-304,1280,15920*3A
$PSTM3DACC,764640408,0,1472,16000*10
$PSTM3DACC,764708570,-48,1392,16080*03
$PSTM3DACC,764776786,320,1392,16272*1E
$PSTM3DACC,764844978,-16,1360,16064*0C
$PSTM3DACC,764913365,16,1232,16112*22
$PSTM3DACC,764981463,-32,1232,16048*0D
$PSTM3DACC,765049566,-16,1312,16080*04
$PSTM3DACC,765117763,16,1536,16016*2B
$PSTM3DACC,765186066,-176,1504,16000*3D
$PSTM3DACC,765254222,-48,1552,16064*0E
$PSTM3DACC,765322378,-80,1536,16192*0E
$PSTM3DACC,765390568,-144,1616,16048*3E
$PSTM3DACC,765458917,-128,1584,16064*35
$PSTM3DGYRO,764573656,328,-95,-1933,0,1*63
$PSTM3DGYRO,764641767,207,-128,-1947,0,1*5A
$PSTM3DGYRO,764709906,224,-136,-1971,0,1*55
$PSTM3DGYRO,764778141,216,-205,-1607,0,1*54
$PSTM3DGYRO,764846306,156,-136,-2123,0,1*51
$PSTM3DGYRO,764914761,50,-46,-802,0,1*6B
$PSTM3DGYRO,764982805,-95,76,617,0,1*44
$PSTM3DGYRO,765050905,-329,251,1929,0,1*72
$PSTM3DGYRO,765119083,-362,255,2217,0,1*77
$PSTM3DGYRO,765187426,-543,281,2125,0,1*75
$PSTM3DGYRO,765255577,-353,208,2142,0,1*7B
$PSTM3DGYRO,765323693,-361,245,1892,0,1*7D
$PSTM3DGYRO,765391883,-158,93,1923,0,1*41
$PSTM3DGYRO,765460332,-142,102,1909,0,1*73
$PSTMDRGPS,19.033694169,-98.314584046,0.00000,0.00000,99.000,99.000,99.000,0.000,0.000,0.00000*54
$GPRMC,123518.000,V,1902.0217,N,09818.8750,W,0.0,0.0,131216,,,E*69
$GPGGA,123518.000,1902.0217,N,09818.8750,W,0,00,99.0,2139.78,M,-9.1,M,,*6C
$GPVTG,0.0,T,,M,0.0,N,0.0,K,E*09
$GNGSA,A,1,,,,,,,,,,,,,99.0,99.0,99.0*1E
$GNGSA,A,1,,,,,,,,,,,,,99.0,99.0,99.0*1E
$GPGSV,3,1,12,02,43,016,,05,82,120,,06,16,046,,12,69,281,*72
$GPGSV,3,2,12,13,13,157,,15,06,189,,17,11,105,,19,21,095,*7F
$GPGSV,3,3,12,20,34,215,,24,13,220,,25,31,315,,29,09,314,*7B
$GLGSV,3,1,10,74,06,322,,73,30,277,,82,25,055,,73,32,267,*6E
$GLGSV,3,2,10,84,05,306,,83,31,355,,67,26,040,,68,59,107,*66
$GLGSV,3,3,10,80,24,214,,69,31,177,,,,,,,,,*61
$PSTM3DACC,765527227,-256,1584,15952*31
$PSTM3DACC,765595263,-96,1584,16064*09
$PSTM3DACC,765663431,-192,1536,16128*37
$PSTM3DACC,765731635,0,1536,16272*1C
$PSTM3DACC,765799826,-176,1792,16016*33
$PSTM3DACC,765867994,-208,1648,16064*3C
$PSTM3DACC,765936192,-96,1808,16000*0A
$PSTM3DACC,766004478,-112,1648,16016*30
$PSTM3DACC,766072698,-144,1664,16080*3F
$PSTM3DACC,766140803,-176,1536,16128*35
$PSTM3DACC,766209009,16,1456,16384*20
$PSTM3DACC,766277252,-48,1440,16064*09
$PSTM3DACC,766345404,-64,1408,16064*0E
$PSTM3DACC,766413614,-64,1392,16080*07
$PSTM3DACC,766481911,-48,1488,16160*0B
$PSTM3DGYRO,765528629,-194,47,1653,0,1*4A
$PSTM3DGYRO,765596647,-233,155,1708,0,1*74
$PSTM3DGYRO,765664764,-386,225,1975,0,1*75
$PSTM3DGYRO,765732990,-753,412,1890,0,1*76
$PSTM3DGYRO,765801146,-89,67,1432,0,1*78
$PSTM3DGYRO,765869313,-45,40,351,0,1*42
$PSTM3DGYRO,765937511,131,-71,-944,0,1*5F
$PSTM3DGYRO,766005838,401,-172,-2208,0,1*57
$PSTM3DGYRO,766074036,308,-156,-2218,0,1*5E
$PSTM3DGYRO,766142118,232,-96,-2073,0,1*6D
$PSTM3DGYRO,766210346,607,-326,-1569,0,1*57
$PSTM3DGYRO,766278602,339,-206,-1895,0,1*59
$PSTM3DGYRO,766346715,153,-63,-1017,0,1*6F
$PSTM3DGYRO,766414925,-24,0,93,0,1*46
$PSTM3DGYRO,766483331,-11,8,-8,0,1*56
$PSTM3DGYRO,766551663,-18,6,-18,0,1*6C
$PSTMDRGPS,19.033694169,-98.314584046,0.00000,0.00000,99.000,99.000,99.000,0.000,0.000,0.00000*54
$GPRMC,123519.000,V,1902.0217,N,09818.8750,W,0.0,0.0,131216,,,E*68
$GPGGA,123519.000,1902.0217,N,09818.8750,W,0,00,99.0,2139.78,M,-9.1,M,,*6D
$GPVTG,0.0,T,,M,0.0,N,0.0,K,E*09
$GNGSA,A,1,,,,,,,,,,,,,99.0,99.0,99.0*1E
$GNGSA,A,1,,,,,,,,,,,,,99.0,99.0,99.0*1E
$GPGSV,3,1,12,02,43,016,,05,82,120,,06,16,046,,12,69,281,*72
$GPGSV,3,2,12,13,13,157,,15,06,189,,17,11,105,,19,21,095,*7F
$GPGSV,3,3,12,20,34,215,,24,13,220,,25,31,315,,29,09,314,*7B
$GLGSV,3,1,10,74,07,322,,73,30,277,,82,25,055,,73,32,267,*6F
$GLGSV,3,2,10,84,05,306,,83,31,355,,67,26,040,,68,59,107,*66
$GLGSV,3,3,10,80,24,214,,69,31,177,,,,,,,,,*61
$PSTM3DACC,766550238,-112,1536,16048*37
$PSTM3DACC,766618317,-64,1536,15984*0E
$PSTM3DACC,766686460,-112,1472,16080*31
$PSTM3DACC,766754616,-80,1520,16048*04
$PSTM3DACC,766822931,-64,1600,16016*00
$PSTM3DACC,766891137,80,1792,16080*24
$PSTM3DACC,766959425,-160,1664,15936*3A
$PSTM3DACC,767027528,240,1392,16272*1F
$PSTM3DACC,767095659,-48,1408,15920*0F
$PSTM3DACC,767163864,32,1456,16000*24
$PSTM3DACC,767232044,16,1344,16064*29
$PSTM3DACC,767300250,-48,1216,16048*00
$PSTM3DACC,767368434,0,1280,16064*1A
$PSTM3DACC,767436645,-48,1312,16080*03
$PSTM3DACC,767504938,0,1376,16000*1D
$PSTM3DGYRO,766619668,-6,21,9,0,1*7F
$PSTM3DGYRO,766687783,4,32,-30,0,1*46
$PSTM3DGYRO,766755927,20,4,16,0,1*62
$PSTM3DGYRO,766824303,35,1,-79,0,1*42
$PSTM3DGYRO,766892493,251,-140,-1008,0,1*5F
$PSTM3DGYRO,766960821,530,-337,-2161,0,1*59
$PSTM3DGYRO,767028906,47,-71,-2296,0,1*56
$PSTM3DGYRO,767096996,127,-41,-1862,0,1*6C
$PSTM3DGYRO,767165192,200,-148,-2482,0,1*52
$PSTM3DGYRO,767233375,239,-170,-2496,0,1*5D
$PSTM3DGYRO,767301603,102,-69,-1048,0,1*6F
$PSTM3DGYRO,767369780,-40,44,166,0,1*42
$PSTM3DGYRO,767437964,-263,180,1521,0,1*76
$PSTM3DGYRO,767506315,-491,300,2679,0,1*75
$PSTMDRGPS,19.033694169,-98.314584046,0.00000,0.00000,99.000,99.000,99.000,0.000,0.000,0.00000*54
$GPRMC,123520.000,V,1902.0217,N,09818.8750,W,0.0,0.0,131216,,,E*62
$GPGGA,123520.000,1902.0217,N,09818.8750,W,0,00,99.0,2139.78,M,-9.1,M,,*67
$GPVTG,0.0,T,,M,0.0,N,0.0,K,E*09
$GNGSA,A,1,,,,,,,,,,,,,99.0,99.0,99.0*1E
$GNGSA,A,1,,,,,,,,,,,,,99.0,99.0,99.0*1E
$GPGSV,3,1,12,02,43,016,,05,82,120,,06,16,046,,12,69,281,*72
$GPGSV,3,2,12,13,13,157,,15,06,189,,17,11,105,,19,21,095,*7F
$GPGSV,3,3,12,20,34,215,,24,13,220,,25,31,315,,29,09,314,*7B
$GLGSV,3,1,10,74,07,322,,73,30,277,,82,25,055,,73,32,267,*6F
$GLGSV,3,2,10,84,05,306,,83,31,355,,67,26,040,,68,59,107,*66
$GLGSV,3,3,10,80,24,214,,69,31,177,,,,,,,,,*61
$PSTM3DACC,767573265,-48,1376,16128*04
$PSTM3DACC,767641290,-64,1584,15984*04
$PSTM3DACC,767709553,-80,1568,16160*08
$PSTM3DACC,767777688,-16,1520,16144*01
$PSTM3DACC,767845883,-384,1584,15888*36
$PSTM3DACC,767914054,-144,1648,16032*36
$PSTM3DACC,767982314,-160,1568,15984*3E
$PSTM3DACC,768050583,-304,1584,15952*36
$PSTM3DACC,768118740,-480,1712,15744*39
$PSTM3DACC,768186849,-208,1888,15936*39
$PSTM3DACC,768255087,-112,1840,16048*31
$PSTM3DACC,768323302,-128,1776,16016*37
$PSTM3DACC,768391459,-160,1984,15872*31
$PSTM3DACC,768459656,-144,1536,16160*35
$PSTM3DACC,768528013,-176,1536,16128*38
$PSTM3DGYRO,767574665,-396,278,2575,0,1*73
$PSTM3DGYRO,767642637,-607,323,2461,0,1*74
$PSTM3DGYRO,767710951,-336,196,2487,0,1*7E
$PSTM3DGYRO,767779008,-343,173,2265,0,1*77
$PSTM3DGYRO,767847206,-350,206,1999,0,1*71
$PSTM3DGYRO,767915374,-487,238,2149,0,1*75
$PSTM3DGYRO,767983641,-347,145,2138,0,1*7D
$PSTM3DGYRO,768051941,-367,242,2268,0,1*7B
$PSTM3DGYRO,768120104,-13,21,2288,0,1*7C
$PSTM3DGYRO,768188159,-291,132,2610,0,1*78
$PSTM3DGYRO,768256442,-111,67,1211,0,1*4B
$PSTM3DGYRO,768324621,28,-25,-245,0,1*68
$PSTM3DGYRO,768392770,191,-105,-1605,0,1*51
$PSTM3DGYRO,768460966,384,-197,-2691,0,1*51
$PSTM3DGYRO,768529418,399,-230,-2690,0,1*5A
$PSTM3DGYRO,768597692,332,-203,-2481,0,1*5C
$PSTMDRGPS,19.033694169,-98.314584046,0.00000,0.00000,99.000,99.000,99.000,0.000,0.000,0.00000*54
$GPRMC,123521.000,V,1902.0217,N,09818.8750,W,0.0,0.0,131216,,,E*63
$GPGGA,123521.000,1902.0217,N,09818.8750,W,0,00,99.0,2139.78,M,-9.1,M,,*66
$GPVTG,0.0,T,,M,0.0,N,0.0,K,E*09
$GNGSA,A,1,,,,,,,,,,,,,99.0,99.0,99.0*1E
$GNGSA,A,1,,,,,,,,,,,,,99.0,99.0,99.0*1E
$GPGSV,3,1,12,02,43,016,,05,82,120,,06,16,046,,12,69,281,*72
$GPGSV,3,2,12,13,13,157,,15,06,189,,17,11,105,,19,21,095,*7F
$GPGSV,3,3,12,20,34,215,,24,13,220,,25,31,315,,29,09,314,*7B
$GLGSV,3,1,10,74,07,322,,73,30,277,,82,25,055,,73,32,267,*6F
$GLGSV,3,2,10,84,05,306,,83,31,355,,67,26,040,,68,59,107,*66
$GLGSV,3,3,10,80,24,214,,69,31,177,,,,,,,,,*61
$PSTM3DACC,768596280,-128,1568,16080*36
$PSTM3DACC,768664339,-144,1552,16064*32
$PSTM3DACC,768732487,32,1312,16272*28
$PSTM3DACC,768800739,-80,1328,16112*08
$PSTM3DACC,768868878,-80,1504,15920*0E
$PSTM3DACC,768937148,-80,1472,16080*0F
$PSTM3DACC,769005484,-64,1552,16064*00
$PSTM3DACC,769073627,-128,1440,16080*3B
$PSTM3DACC,769141771,-48,1488,16128*09
$PSTM3DACC,769209892,-64,1552,16016*00
$PSTM3DACC,769278141,-48,1712,15936*01
$PSTM3DACC,769346369,16,1696,16080*29
$PSTM3DACC,769414555,64,1824,15968*2E
$PSTM3DACC,769482686,-48,1424,15952*0A
$PSTM3DACC,769551020,-128,1648,15872*33
$PSTM3DGYRO,768665698,201,-85,-1927,0,1*67
$PSTM3DGYRO,768733797,255,-117,-2210,0,1*5C
$PSTM3DGYRO,768802094,214,-79,-883,0,1*5B
$PSTM3DGYRO,768870210,-31,5,81,0,1*49
$PSTM3DGYRO,768938489,-16,26,-5,0,1*67
$PSTM3DGYRO,769006893,-2,8,-2,0,1*6B
$PSTM3DGYRO,769075018,21,-24,-35,0,1*5F
$PSTM3DGYRO,769143127,-23,6,-5,0,1*57
$PSTM3DGYRO,769211220,7,-5,-48,0,1*5B
$PSTM3DGYRO,769279469,25,-31,-86,0,1*5B
$PSTM3DGYRO,769347747,175,-118,-1290,0,1*52
$PSTM3DGYRO,769415910,295,-191,-2550,0,1*5A
$PSTM3DGYRO,769483997,295,-182,-2709,0,1*56
$PSTM3DGYRO,769552436,122,-116,-2754,0,1*57
$PSTM3DGYRO,769620740,262,-202,-2983,0,1*56
$PSTMDRGPS,19.033694169,-98.314584046,0.00000,0.00000,99.000,99.000,99.000,0.000,0.000,0.00000*54
$GPRMC,123522.000,V,1902.0217,N,09818.8750,W,0.0,0.0,131216,,,E*60
$GPGGA,123522.000,1902.0217,N,09818.8750,W,0,00,99.0,2139.78,M,-9.1,M,,*65
$GPVTG,0.0,T,,M,0.0,N,0.0,K,E*09
$GNGSA,A,1,,,,,,,,,,,,,99.0,99.0,99.0*1E
$GNGSA,A,1,,,,,,,,,,,,,99.0,99.0,99.0*1E
$GPGSV,3,1,12,02,43,016,,05,82,120,,06,16,046,,12,69,281,*72
$GPGSV,3,2,12,13,13,157,,15,06,189,,17,11,105,,19,21,095,*7F
$GPGSV,3,3,12,20,34,215,,24,13,220,,25,31,315,,29,09,314,*7B
$GLGSV,3,1,10,74,07,322,,73,30,277,,82,25,055,,73,32,267,*6F
$GLGSV,3,2,10,84,05,306,,83,31,355,,67,26,040,,68,59,107,*66
$GLGSV,3,3,10,80,24,214,,69,31,177,,,,,,,,,*61
$PSTM3DACC,769619354,-16,1440,16032*05
$PSTM3DACC,769687429,-16,1264,16000*0E
$PSTM3DACC,769755543,-32,1184,16144*07
$PSTM3DACC,769823710,0,1248,16048*1F
$PSTM3DACC,769891955,-32,1184,16048*06
$PSTM3DACC,769960140,-64,1168,16144*09
$PSTM3DACC,770028312,0,1440,16032*11
$PSTM3DACC,770096509,0,1568,16080*1A
$PSTM3DACC,770164871,-240,1600,15920*32
$PSTM3DACC,770232927,-80,1536,16080*08
$PSTM3DACC,770301125,-96,1536,16192*06
$PSTM3DACC,770369322,-16,1584,16192*0C
$PSTM3DACC,770437546,-240,1568,15952*30
$PSTM3DACC,770505726,-304,1456,15920*3C
$PSTM3DACC,770574050,-272,1568,16032*39
$PSTM3DGYRO,769688784,254,-195,-2763,0,1*54
$PSTM3DGYRO,769756903,107,-57,-1435,0,1*6E
$PSTM3DGYRO,769825020,-34,43,-240,0,1*6C
$PSTM3DGYRO,769893324,-163,150,1078,0,1*73
$PSTM3DGYRO,769961481,-359,288,2379,0,1*7B
$PSTM3DGYRO,770029622,-492,336,3037,0,1*71
$PSTM3DGYRO,770097820,-464,302,3018,0,1*7B
$PSTM3DGYRO,770166244,-402,229,2861,0,1*73
$PSTM3DGYRO,770234237,-664,290,2494,0,1*75
$PSTM3DGYRO,770302458,-209,103,2695,0,1*7B
$PSTM3DGYRO,770370651,-693,345,2630,0,1*7D
$PSTM3DGYRO,770438879,-213,133,2386,0,1*75
$PSTM3DGYRO,770507036,-467,239,2565,0,1*7C
$PSTM3DGYRO,770575481,-58,24,2747,0,1*75
$PSTMDRGPS,19.033694169,-98.314584046,0.00000,0.00000,99.000,99.000,99.000,0.000,0.000,0.00000*54
$GPRMC,123523.000,V,1902.0217,N,09818.8750,W,0.0,0.0,131216,,,E*61
$GPGGA,123523.000,1902.0217,N,09818.8750,W,0,00,99.0,2139.78,M,-9.1,M,,*64
$GPVTG,0.0,T,,M,0.0,N,0.0,K,E*09
$GNGSA,A,1,,,,,,,,,,,,,99.0,99.0,99.0*1E
$GNGSA,A,1,,,,,,,,,,,,,99.0,99.0,99.0*1E
$GPGSV,3,1,12,02,43,016,,05,82,120,,06,16,046,,12,69,281,*72
$GPGSV,3,2,12,13,13,157,,15,07,189,,17,11,105,,19,21,095,*7E
$GPGSV,3,3,12,20,34,215,,24,13,220,,25,31,315,,29,09,314,*7B
$GLGSV,3,1,10,74,07,322,,73,30,277,,82,25,055,,73,32,267,*6F
$GLGSV,3,2,10,84,05,306,,83,31,355,,67,26,040,,68,59,107,*66
$GLGSV,3,3,10,80,24,214,,69,31,177,,,,,,,,,*61
$PSTM3DACC,770642318,-320,1600,15984*3C
$PSTM3DACC,770710427,-176,1760,16032*30
$PSTM3DACC,770778548,-112,1872,16064*3B
$PSTM3DACC,770846727,-80,1840,15888*00
$PSTM3DACC,770914956,-64,1792,15920*07
$PSTM3DACC,770983226,-160,1568,15984*39
$PSTM3DACC,771051505,-144,1584,16080*32
$PSTM3DACC,771119541,-144,1408,16096*3D
$PSTM3DACC,771187827,-432,1648,15552*3B
$PSTM3DACC,771256083,-208,1312,16016*31
$PSTM3DACC,771324178,-176,1248,16144*32
$PSTM3DACC,771392390,-80,1504,16016*0A
$PSTM3DACC,771460548,-48,1536,16112*03
$PSTM3DACC,771528746,-96,1504,16032*03
$PSTM3DACC,771597103,-48,1536,16096*0C
$PSTM3DGYRO,770643738,-309,137,3093,0,1*79
$PSTM3DGYRO,770711804,-134,50,1875,0,1*41
$PSTM3DGYRO,770779885,61,-20,276,0,1*48
$PSTM3DGYRO,770848042,82,-76,-623,0,1*61
$PSTM3DGYRO,770916289,279,-126,-1995,0,1*5F
$PSTM3DGYRO,770984595,417,-226,-3160,0,1*53
$PSTM3DGYRO,771052882,317,-182,-2899,0,1*5F
$PSTM3DGYRO,771120851,198,-148,-2386,0,1*53
$PSTM3DGYRO,771189151,253,-92,-2372,0,1*60
$PSTM3DGYRO,771257474,241,-127,-2328,0,1*51
$PSTM3DGYRO,771325514,-37,4,-953,0,1*55
$PSTM3DGYRO,771393750,-1,2,2,0,1*49
$PSTM3DGYRO,771461899,-29,20,-7,0,1*6B
$PSTM3DGYRO,771530074,-10,-23,-19,0,1*7E
$PSTM3DGYRO,771598510,-7,22,4,0,1*70
$PSTM3DGYRO,771666771,2,11,1,0,1*5A
$PSTMDRGPS,19.033694169,-98.314584046,0.00000,0.00000,99.000,99.000,99.000,0.000,0.000,0.00000*54
$GPRMC,123524.000,V,1902.0217,N,09818.8750,W,0.0,0.0,131216,,,E*66
$GPGGA,123524.000,1902.0217,N,09818.8750,W,0,00,99.0,2139.78,M,-9.1,M,,*63
$GPVTG,0.0,T,,M,0.0,N,0.0,K,E*09
$GNGSA,A,1,,,,,,,,,,,,,99.0,99.0,99.0*1E
$GNGSA,A,1,,,,,,,,,,,,,99.0,99.0,99.0*1E
$GPGSV,3,1,12,02,43,016,,05,82,120,,06,16,046,,12,69,281,*72
$GPGSV,3,2,12,13,13,157,,15,07,189,,17,11,105,,19,21,095,*7E
$GPGSV,3,3,12,20,34,215,,24,13,220,,25,31,315,,29,09,314,*7B
$GLGSV,3,1,10,74,07,322,,73,30,277,,82,25,055,,73,32,267,*6F
$GLGSV,3,2,10,84,05,306,,83,31,355,,67,26,040,,68,59,107,*66
$GLGSV,3,3,10,80,24,214,,69,31,177,,,,,,,,,*61
$PSTM3DACC,771665375,-48,1536,16048*02
$PSTM3DACC,771733468,-64,1488,16032*0C
$PSTM3DACC,771801641,-48,1600,16160*01
$PSTM3DACC,771869805,-80,1632,15984*05
$PSTM3DACC,771938013,32,1728,16016*20
$PSTM3DACC,772006207,-304,1424,15744*37
$PSTM3DACC,772074462,16,1360,16016*2E
$PSTM3DACC,772142615,80,1424,16160*20
$PSTM3DACC,772210866,0,1312,16192*19
$PSTM3DACC,772278987,-48,1280,16080*00
$PSTM3DACC,772347194,0,1280,16128*15
$PSTM3DACC,772415410,-48,1232,15984*09
$PSTM3DACC,772483589,-64,1248,16112*00
$PSTM3DACC,772551798,-64,1280,16160*0D
$PSTM3DACC,772620144,0,1504,16144*1D
$PSTM3DGYRO,771734858,-14,4,10,0,1*46
$PSTM3DGYRO,771803011,65,-63,-228,0,1*6B
$PSTM3DGYRO,771871166,113,-75,-1241,0,1*66
$PSTM3DGYRO,771939406,184,-121,-2498,0,1*57
$PSTM3DGYRO,772007543,1001,-486,-2732,0,1*66
$PSTM3DGYRO,772075837,309,-224,-3328,0,1*57
$PSTM3DGYRO,772143939,322,-253,-3316,0,1*58
$PSTM3DGYRO,772212216,238,-163,-3219,0,1*5D
$PSTM3DGYRO,772280324,120,-68,-1894,0,1*6B
$PSTM3DGYRO,772348540,20,-31,-688,0,1*65
$PSTM3DGYRO,772416751,-162,122,766,0,1*43
$PSTM3DGYRO,772484908,-367,232,2046,0,1*78
$PSTM3DGYRO,772553109,-546,350,3379,0,1*74
$PSTM3DGYRO,772621541,-565,343,3457,0,1*72
$PSTMDRGPS,19.033694169,-98.314584046,0.00000,0.00000,99.000,99.000,99.000,0.000,0.000,0.00000*54
$GPRMC,123525.000,V,1902.0217,N,09818.8750,W,0.0,0.0,131216,,,E*67
$GPGGA,123525.000,1902.0217,N,09818.8750,W,0,00,99.0,2139.78,M,-9.1,M,,*62
$GPVTG,0.0,T,,M,0.0,N,0.0,K,E*09
$GNGSA,A,1,,,,,,,,,,,,,99.0,99.0,99.0*1E
$GNGSA,A,1,,,,,,,,,,,,,99.0,99.0,99.0*1E
$GPGSV,3,1,12,02,43,016,,05,82,120,,06,16,046,,12,69,281,*72
$GPGSV,3,2,12,13,13,157,,15,07,189,,17,11,105,,19,21,095,*7E
$GPGSV,3,3,12,20,34,215,,24,13,220,,25,31,315,,29,09,314,*7B
$GLGSV,3,1,10,74,07,322,,73,30,277,,82,25,055,,73,32,267,*6F
$GLGSV,3,2,10,84,05,306,,83,31,355,,67,26,040,,68,59,107,*66
$GLGSV,3,3,10,80,24,214,,69,31,177,,,,,,,,,*61
$PSTM3DACC,772688444,-80,1536,16144*0E
$PSTM3DACC,772756482,-128,1568,16000*3F
$PSTM3DACC,772824693,-112,1504,16208*3E
$PSTM3DACC,772892827,-112,1424,16176*3B
$PSTM3DACC,772961034,-304,1616,15952*37
$PSTM3DACC,773029209,-272,1552,15984*37
$PSTM3DACC,773097619,-224,1536,16032*31
$PSTM3DACC,773165645,-224,1632,16016*35
$PSTM3DACC,773233951,-208,1856,15936*35
$PSTM3DACC,773302030,-576,2048,15936*32
$PSTM3DACC,773370239,-256,1680,16064*35
$PSTM3DACC,773438488,-176,1920,16016*33
$PSTM3DACC,773506677,-192,1760,15984*3C
$PSTM3DACC,773574892,-176,1536,16048*3D
$PSTM3DACC,773643180,-224,1568,16016*34
$PSTM3DGYRO,772689903,-552,350,3306,0,1*7F
$PSTM3DGYRO,772757832,-521,262,3318,0,1*75
$PSTM3DGYRO,772826088,-587,313,3028,0,1*7E
$PSTM3DGYRO,772894169,-92,50,2899,0,1*7F
$PSTM3DGYRO,772962381,-358,204,2764,0,1*78
$PSTM3DGYRO,773030537,-48,-19,2732,0,1*5E
$PSTM3DGYRO,773099039,-65,27,3039,0,1*74
$PSTM3DGYRO,773166995,-249,137,3454,0,1*79
$PSTM3DGYRO,773235328,-200,106,2532,0,1*7F
$PSTM3DGYRO,773303367,-144,28,1384,0,1*46
$PSTM3DGYRO,773371576,-8,-5,236,0,1*67
$PSTM3DGYRO,773439856,165,-76,-1241,0,1*6C
$PSTM3DGYRO,773508023,359,-159,-2530,0,1*56
$PSTM3DGYRO,773576251,577,-270,-3606,0,1*5D
$PSTM3DGYRO,773644592,190,-92,-3176,0,1*64
$PSTM3DGYRO,773712860,547,-49,-3497,0,1*64
$PSTMDRGPS,19.033694169,-98.314584046,0.00000,0.00000,99.000,99.000,99.000,0.000,0.000,0.00000*54
$GPRMC,123526.000,V,1902.0217,N,09818.8750,W,0.0,0.0,131216,,,E*64
$GPGGA,123526.000,1902.0217,N,09818.8750,W,0,00,99.0,2139.78,M,-9.1,M,,*61
$GPVTG,0.0,T,,M,0.0,N,0.0,K,E*09
$GNGSA,A,1,,,,,,,,,,,,,99.0,99.0,99.0*1E
$GNGSA,A,1,,,,,,,,,,,,,99.0,99.0,99.0*1E
$GPGSV,3,1,12,02,43,016,,05,82,120,,06,16,046,,12,69,281,*72
$GPGSV,3,2,12,13,13,157,,15,07,189,,17,11,105,,19,21,095,*7E
$GPGSV,3,3,12,20,34,215,,24,13,220,,25,31,315,,29,09,314,*7B
$GLGSV,3,1,10,74,07,322,,73,30,277,,82,25,055,,73,32,267,*6F
$GLGSV,3,2,10,84,05,306,,83,31,355,,67,26,040,,68,59,107,*66
$GLGSV,3,3,10,80,24,214,,69,31,177,,,,,,,,,*61
$PSTM3DACC,773711454,-192,1632,15952*36
$PSTM3DACC,773779553,-160,1696,16064*32
$PSTM3DACC,773847688,0,1440,16192*1E
$PSTM3DACC,773915871,-144,1360,16032*32
$PSTM3DACC,773984058,-112,1456,16032*38
$PSTM3DACC,774052248,-96,1536,16080*0D
$PSTM3DACC,774120461,-80,1456,16048*00
$PSTM3DACC,774188664,-64,1536,16032*05
$PSTM3DACC,774256932,-64,1536,16048*04
$PSTM3DACC,774325061,-32,1536,16048*0D
$PSTM3DACC,774393344,-16,1696,16032*06
$PSTM3DACC,774461441,0,1648,16032*17
$PSTM3DACC,774529702,0,1664,15952*1C
$PSTM3DACC,774597873,256,1232,16288*19
$PSTM3DACC,774666248,112,1440,15984*12
$PSTM3DGYRO,773780935,129,-104,-2831,0,1*5B
$PSTM3DGYRO,773849039,-287,144,-1027,0,1*5B
$PSTM3DGYRO,773917195,107,-52,-804,0,1*53
$PSTM3DGYRO,773985411,-52,55,71,0,1*70
$PSTM3DGYRO,774053580,-2,22,8,0,1*77
$PSTM3DGYRO,774121789,-23,-2,1,0,1*5D
$PSTM3DGYRO,774189988,-5,-5,-27,0,1*7A
$PSTM3DGYRO,774258331,-22,15,-28,0,1*5B
$PSTM3DGYRO,774326384,-3,-21,17,0,1*65
$PSTM3DGYRO,774394726,62,-50,-398,0,1*65
$PSTM3DGYRO,774462773,240,-108,-1225,0,1*53
$PSTM3DGYRO,774531052,248,-150,-2731,0,1*56
$PSTM3DGYRO,774599192,1180,-610,-3088,0,1*68
$PSTM3DGYRO,774667681,367,-249,-3887,0,1*5A
$PSTMDRGPS,19.033694169,-98.314584046,0.00000,0.00000,99.000,99.000,99.000,0.000,0.000,0.00000*54
$GPRMC,123527.000,V,1902.0217,N,09818.8750,W,0.0,0.0,131216,,,E*65
$GPGGA,123527.000,1902.0217,N,09818.8750,W,0,00,99.0,2139.78,M,-9.1,M,,*60
$GPVTG,0.0,T,,M,0.0,N,0.0,K,E*09
$GNGSA,A,1,,,,,,,,,,,,,99.0,99.0,99.0*1E
$GNGSA,A,1,,,,,,,,,,,,,99.0,99.0,99.0*1E
$GPGSV,3,1,12,02,43,016,,05,82,120,,06,16,046,,12,69,281,*72
$GPGSV,3,2,12,13,13,157,,15,07,189,,17,11,106,,19,21,095,*7D
$GPGSV,3,3,12,20,34,215,,24,13,220,,25,31,315,,29,09,314,*7B
$GLGSV,3,1,10,74,07,322,,73,30,277,,82,25,055,,73,32,267,*6F
$GLGSV,3,2,10,84,05,306,,83,31,355,,67,26,040,,68,59,107,*66
$GLGSV,3,3,10,80,24,214,,69,31,177,,,,,,,,,*61
$PSTM3DACC,774734484,48,1424,16080*20
$PSTM3DACC,774802561,16,1264,16064*23
$PSTM3DACC,774870695,0,1248,16096*1A
$PSTM3DACC,774938859,-32,1280,16032*0F
$PSTM3DACC,775007072,0,1184,16208*1A
$PSTM3DACC,775075336,-48,1296,16080*0F
$PSTM3DACC,775143713,-48,1232,16064*0C
$PSTM3DACC,775211699,-16,1472,16048*0C
$PSTM3DACC,775279988,-80,1552,16080*05
$PSTM3DACC,775348091,-256,1632,15808*30
$PSTM3DACC,775416283,-400,1584,15808*36
$PSTM3DACC,775484499,-176,1536,16160*39
$PSTM3DACC,775552701,-304,1648,15920*33
$PSTM3DACC,775620909,-224,1552,16032*31
$PSTM3DACC,775689195,-256,1632,15968*3A
$PSTM3DGYRO,774735949,350,-270,-3724,0,1*5F
$PSTM3DGYRO,774803907,308,-198,-3489,0,1*53
$PSTM3DGYRO,774872032,183,-112,-2300,0,1*5E
$PSTM3DGYRO,774940187,37,1,-1068,0,1*4F
$PSTM3DGYRO,775008409,-120,84,217,0,1*79
$PSTM3DGYRO,775076687,-261,199,1731,0,1*7F
$PSTM3DGYRO,775145133,-470,317,3086,0,1*7D
$PSTM3DGYRO,775213036,-567,384,3964,0,1*71
$PSTM3DGYRO,775281325,-535,383,3848,0,1*74
$PSTM3DGYRO,775349423,-694,425,3392,0,1*7F
$PSTM3DGYRO,775417607,-656,157,3270,0,1*74
$PSTM3DGYRO,775485822,3,-28,3280,0,1*46
$PSTM3DGYRO,775554038,-252,119,3406,0,1*75
$PSTM3DGYRO,775622233,-224,77,3111,0,1*45
$PSTM3DGYRO,775690595,-213,98,3591,0,1*4E
$PSTM3DGYRO,775758888,-263,131,3919,0,1*73
$PSTMDRGPS,19.033694169,-98.314584046,0.00000,0.00000,99.000,99.000,99.000,0.000,0.000,0.00000*54
$GPRMC,123528.000,V,1902.0217,N,09818.8750,W,0.0,0.0,131216,,,E*6A
$GPGGA,123528.000,1902.0217,N,09818.8750,W,0,00,99.0,2139.78,M,-9.1,M,,*6F
$GPVTG,0.0,T,,M,0.0,N,0.0,K,E*09
$GNGSA,A,1,,,,,,,,,,,,,99.0,99.0,99.0*1E
$GNGSA,A,1,,,,,,,,,,,,,99.0,99.0,99.0*1E
$GPGSV,3,1,12,02,43,016,,05,82,120,,06,16,046,,12,69,281,*72
$GPGSV,3,2,12,13,13,157,,15,07,189,,17,11,106,,19,21,095,*7D
$GPGSV,3,3,12,20,34,215,,24,13,220,,25,31,315,,29,09,314,*7B
$GLGSV,3,1,10,74,07,322,,73,30,277,,82,25,055,,73,32,267,*6F
$GLGSV,3,2,10,84,05,306,,83,31,355,,67,26,040,,68,59,107,*66
$GLGSV,3,3,10,80,24,214,,69,31,177,,,,,,,,,*61
$PSTM3DACC,775757483,-256,1568,16032*33
$PSTM3DACC,775825596,-224,1920,15872*36
$PSTM3DACC,775893837,-192,1728,16080*33
$PSTM3DACC,775961910,-272,1648,16016*3E
$PSTM3DACC,776030138,-192,1792,15984*38
$PSTM3DACC,776098325,-192,1904,15984*35
$PSTM3DACC,776166505,-224,1760,15936*3A
$PSTM3DACC,776234727,-144,1360,16160*35
$PSTM3DACC,776302936,-288,1504,15984*39
$PSTM3DACC,776371149,-160,1632,15968*3C
$PSTM3DACC,776439318,-208,1248,16144*30
$PSTM3DACC,776507502,-256,1312,15840*3A
$PSTM3DACC,776575718,-80,1360,16064*07
$PSTM3DACC,776643910,-96,1488,16000*03
$PSTM3DACC,776712319,-64,1536,16144*0D
$PSTM3DGYRO,775826969,-229,-46,2641,0,1*6A
$PSTM3DGYRO,775895241,-98,-18,1942,0,1*5F
$PSTM3DGYRO,775963265,-72,47,881,0,1*4D
$PSTM3DGYRO,776031517,44,-34,-251,0,1*69
$PSTM3DGYRO,776099681,269,-139,-1798,0,1*57
$PSTM3DGYRO,776167842,485,-251,-3066,0,1*5B
$PSTM3DGYRO,776236055,433,-231,-3881,0,1*58
$PSTM3DGYRO,776304287,761,-252,-3337,0,1*52
$PSTM3DGYRO,776372477,414,-208,-3835,0,1*5D
$PSTM3DGYRO,776440669,89,-53,-2860,0,1*5B
$PSTM3DGYRO,776508830,-53,8,-759,0,1*5A
$PSTM3DGYRO,776577064,96,-18,-703,0,1*6C
$PSTM3DGYRO,776645235,-60,40,118,0,1*4D
$PSTM3DGYRO,776713758,1,11,-29,0,1*41
$PSTM3DGYRO,776781933,0,13,-13,0,1*43
$PSTMDRGPS,19.033694169,-98.314584046,0.00000,0.00000,99.000,99.000,99.000,0.000,0.000,0.00000*54
$GPRMC,123529.000,V,1902.0217,N,09818.8750,W,0.0,0.0,131216,,,E*6B
$GPGGA,123529.000,1902.0217,N,09818.8750,W,0,00,99.0,2139.78,M,-9.1,M,,*6E
$GPVTG,0.0,T,,M,0.0,N,0.0,K,E*09
$GNGSA,A,1,,,,,,,,,,,,,99.0,99.0,99.0*1E
$GNGSA,A,1,,,,,,,,,,,,,99.0,99.0,99.0*1E
$GPGSV,3,1,12,02,43,016,,05,82,120,,06,16,046,,12,69,281,*72
$GPGSV,3,2,12,13,13,157,,15,07,189,,17,11,106,,19,21,095,*7D
$GPGSV,3,3,12,20,34,215,,24,13,220,,25,31,315,,29,09,314,*7B
$GLGSV,3,1,10,74,07,322,,73,30,277,,82,25,055,,73,32,266,*6E
$GLGSV,3,2,10,84,05,306,,83,31,355,,67,26,040,,68,59,107,*66
$GLGSV,3,3,10,80,24,214,,69,31,177,,,,,,,,,*61
$PSTM3DACC,776780542,-48,1488,16144*04
$PSTM3DACC,776848698,-64,1536,16080*08
$PSTM3DACC,776916751,-32,1536,16080*05
$PSTM3DACC,776984934,-80,1504,16032*02
$PSTM3DACC,777053154,-32,1792,16032*0A
$PSTM3DACC,777121320,0,1696,16000*17
$PSTM3DACC,777189749,-128,1664,15776*30
$PSTM3DACC,777257791,416,1296,16384*13
$PSTM3DACC,777326034,112,1376,16096*12
$PSTM3DACC,777394155,48,1376,16064*2E
$PSTM3DACC,777462403,-16,1232,16048*0F
$PSTM3DACC,777530623,-64,1232,16080*08
$PSTM3DACC,777598811,0,1232,16048*1E
$PSTM3DACC,777666958,16,1280,16048*2E
$PSTM3DACC,777735255,-80,1200,16128*02
$PSTM3DGYRO,776850110,8,-4,-29,0,1*53
$PSTM3DGYRO,776918124,-1,4,-31,0,1*59
$PSTM3DGYRO,776986266,16,18,-4,0,1*4B
$PSTM3DGYRO,777054504,37,-42,-291,0,1*60
$PSTM3DGYRO,777122653,333,-69,-1266,0,1*66
$PSTM3DGYRO,777191144,409,-144,-2674,0,1*5B
$PSTM3DGYRO,777259110,638,-357,-3248,0,1*57
$PSTM3DGYRO,777327398,345,-260,-4225,0,1*5B
$PSTM3DGYRO,777395482,303,-273,-4068,0,1*55
$PSTM3DGYRO,777463776,329,-218,-3917,0,1*50
$PSTM3DGYRO,777531991,177,-118,-2654,0,1*52
$PSTM3DGYRO,777600157,89,-34,-1342,0,1*5F
$PSTM3DGYRO,777668295,-49,35,-104,0,1*60
$PSTM3DGYRO,777736660,-176,148,1222,0,1*79
$PSTMDRGPS,19.033694169,-98.314584046,0.00000,0.00000,99.000,99.000,99.000,0.000,0.000,0.00000*54
$GPRMC,123530.000,V,1902.0217,N,09818.8750,W,0.0,0.0,131216,,,E*63
$GPGGA,123530.000,1902.0217,N,09818.8750,W,0,00,99.0,2139.78,M,-9.1,M,,*66
$GPVTG,0.0,T,,M,0.0,N,0.0,K,E*09
$GNGSA,A,1,,,,,,,,,,,,,99.0,99.0,99.0*1E
$GNGSA,A,1,,,,,,,,,,,,,99.0,99.0,99.0*1E
$GPGSV,3,1,12,02,43,016,,05,82,120,,06,16,046,,12,69,281,*72
$GPGSV,3,2,12,13,13,157,,15,07,189,,17,11,106,,19,21,095,*7D
$GPGSV,3,3,12,20,34,215,,24,13,220,,25,31,315,,29,09,314,*7B
$GLGSV,3,1,10,74,07,322,,73,30,277,,82,25,055,,73,32,266,*6E
$GLGSV,3,2,10,84,05,306,,83,31,355,,67,26,040,,68,59,107,*66
$GLGSV,3,3,10,80,24,214,,69,31,177,,,,,,,,,*61
$PSTM3DACC,777803556,-272,1360,16096*30
$PSTM3DACC,777871677,-96,1328,16128*05
$PSTM3DACC,777939789,-80,1472,16016*0B
$PSTM3DACC,778007963,-16,1552,16096*0E
$PSTM3DACC,778076177,-96,1552,16016*05
$PSTM3DACC,778144373,-448,1712,15808*36
$PSTM3DACC,778212573,-288,1568,15952*3B
$PSTM3DACC,778280817,-336,1536,16064*3F
$PSTM3DACC,778349138,-192,1728,16064*3E
$PSTM3DACC,778417352,-192,1552,16128*3A
$PSTM3DACC,778485430,-416,2096,15632*3A
$PSTM3DACC,778553585,-224,1648,16192*30
$PSTM3DACC,778621772,-144,1744,16080*36
$PSTM3DACC,778689975,-176,1776,16048*39
$PSTM3DACC,778758345,-256,1824,15872*36
$PSTM3DGYRO,777804997,-470,346,2723,0,1*78
$PSTM3DGYRO,777873064,-596,416,3940,0,1*7C
$PSTM3DGYRO,777941148,-602,386,4350,0,1*7F
$PSTM3DGYRO,778009334,-659,371,4138,0,1*76
$PSTM3DGYRO,778077523,-638,312,3796,0,1*78
$PSTM3DGYRO,778145724,-178,80,3752,0,1*4E
$PSTM3DGYRO,778213935,-453,258,3879,0,1*7D
$PSTM3DGYRO,778282224,-327,176,3186,0,1*7C
$PSTM3DGYRO,778350515,-211,74,3905,0,1*43
$PSTM3DGYRO,778418748,-356,183,4393,0,1*7B
$PSTM3DGYRO,778486800,-1102,321,3438,0,1*46
$PSTM3DGYRO,778554913,-237,145,2379,0,1*7C
$PSTM3DGYRO,778623132,-192,113,1698,0,1*72
$PSTM3DGYRO,778691303,-23,43,515,0,1*43
$PSTM3DGYRO,778759750,75,-56,-802,0,1*65
$PSTM3DGYRO,778828035,312,-182,-2288,0,1*58
$PSTMDRGPS,19.033694169,-98.314584046,0.00000,0.00000,99.000,99.000,99.000,0.000,0.000,0.00000*54
$GPRMC,123531.000,V,1902.0217,N,09818.8750,W,0.0,0.0,131216,,,E*62
$GPGGA,123531.000,1902.0217,N,09818.8750,W,0,00,99.0,2139.78,M,-9.1,M,,*67
$GPVTG,0.0,T,,M,0.0,N,0.0,K,E*09
$GNGSA,A,1,,,,,,,,,,,,,99.0,99.0,99.0*1E
$GNGSA,A,1,,,,,,,,,,,,,99.0,99.0,99.0*1E
$GPGSV,3,1,12,02,43,016,,05,82,120,,06,16,046,,12,69,281,*72
$GPGSV,3,2,12,13,13,157,,15,07,189,,17,11,106,,19,21,095,*7D
$GPGSV,3,3,12,20,34,215,,24,13,220,,25,31,315,,29,09,314,*7B
$GLGSV,3,1,10,74,07,322,,73,30,277,,82,25,055,,73,32,266,*6E
$GLGSV,3,2,10,84,05,306,,83,31,355,,67,26,040,,68,59,107,*66
$GLGSV,3,3,10,80,24,214,,69,31,177,,,,,,,,,*61
$PSTM3DACC,778826621,-192,1840,15984*36
$PSTM3DACC,778894736,-144,1792,16032*34
$PSTM3DACC,778962824,-192,1552,16016*33
$PSTM3DACC,779031075,-224,1600,16000*3C
$PSTM3DACC,779099209,-160,1808,16048*3E
$PSTM3DACC,779167515,256,1328,16336*1C
$PSTM3DACC,779235812,-128,1264,16080*32
$PSTM3DACC,779303833,-144,1312,16128*3C
$PSTM3DACC,779372003,-48,1488,16064*01
$PSTM3DACC,779440242,-80,1456,16080*0D
$PSTM3DACC,779508400,-80,1552,16064*0F
$PSTM3DACC,779576600,-48,1536,16128*0B
$PSTM3DACC,779644789,-48,1536,16064*00
$PSTM3DACC,779713020,-64,1488,16048*03
$PSTM3DACC,779781397,-16,1760,15968*0F
$PSTM3DGYRO,778896143,536,-281,-3549,0,1*56
$PSTM3DGYRO,778964152,308,-191,-4028,0,1*56
$PSTM3DGYRO,779032462,338,-163,-3757,0,1*5D
$PSTM3DGYRO,779100551,229,-109,-4270,0,1*56
$PSTM3DGYRO,779168915,788,-355,-1923,0,1*59
$PSTM3DGYRO,779237255,353,-202,-2109,0,1*5D
$PSTM3DGYRO,779305184,-19,-12,-775,0,1*4E
$PSTM3DGYRO,779373318,-28,53,39,0,1*70
$PSTM3DGYRO,779441584,-6,23,1,0,1*75
$PSTM3DGYRO,779509732,-10,20,-13,0,1*5D
$PSTM3DGYRO,779577924,-7,28,-12,0,1*62
$PSTM3DGYRO,779646126,26,27,-6,0,1*4D
$PSTM3DGYRO,779714362,1,24,8,0,1*5C
$PSTM3DGYRO,779782793,110,-76,-370,0,1*53
$PSTM3DGYRO,779851055,562,-167,-1224,0,1*5E
$PSTMDRGPS,19.033694169,-98.314584046,0.00000,0.00000,99.000,99.000,99.000,0.000,0.000,0.00000*54
$GPRMC,123532.000,V,1902.0217,N,09818.8750,W,0.0,0.0,131216,,,E*61
$GPGGA,123532.000,1902.0217,N,09818.8750,W,0,00,99.0,2139.78,M,-9.1,M,,*64
$GPVTG,0.0,T,,M,0.0,N,0.0,K,E*09
$GNGSA,A,1,,,,,,,,,,,,,99.0,99.0,99.0*1E
$GNGSA,A,1,,,,,,,,,,,,,99.0,99.0,99.0*1E
$GPGSV,3,1,12,02,43,016,,05,82,120,,06,16,046,,12,69,281,*72
$GPGSV,3,2,12,13,13,157,,15,07,189,,17,11,106,,19,21,095,*7D
$GPGSV,3,3,12,20,34,215,,24,13,220,,25,31,315,,29,09,314,*7B
$GLGSV,3,1,10,74,07,322,,73,30,277,,82,25,055,,73,32,266,*6E
$GLGSV,3,2,10,84,05,306,,83,31,355,,67,26,040,,68,59,107,*66
$GLGSV,3,3,10,80,24,214,,69,31,177,,,,,,,,,*61
$PSTM3DACC,779849609,-224,1568,15936*34
$PSTM3DACC,779917733,-64,1664,15872*0E
$PSTM3DACC,779985903,160,1792,16080*1E
$PSTM3DACC,780054047,48,1440,16032*2A
$PSTM3DACC,780122234,0,1408,16080*15
$PSTM3DACC,780190438,0,1232,16112*13
$PSTM3DACC,780258625,-48,1280,15984*06
$PSTM3DACC,780326826,-16,1296,16064*0B
$PSTM3DACC,780395015,0,1248,16128*1B
$PSTM3DACC,780463292,-80,1184,16080*0D
$PSTM3DACC,780531464,-48,1264,16096*0A
$PSTM3DACC,780599741,-80,1296,16080*02
$PSTM3DACC,780667885,-32,1408,16112*05
$PSTM3DACC,780736086,-48,1472,16096*06
$PSTM3DACC,780804391,-224,1600,15952*30
$PSTM3DGYRO,779919110,641,-283,-2664,0,1*5B
$PSTM3DGYRO,779987289,328,-336,-3353,0,1*5A
$PSTM3DGYRO,780055388,362,-293,-4611,0,1*5E
$PSTM3DGYRO,780123557,371,-288,-4597,0,1*5F
$PSTM3DGYRO,780191809,319,-241,-4356,0,1*50
$PSTM3DGYRO,780259958,255,-151,-2988,0,1*56
$PSTM3DGYRO,780328159,187,-91,-1706,0,1*62
$PSTM3DGYRO,780396329,-21,34,-471,0,1*62
$PSTM3DGYRO,780464656,-141,120,829,0,1*4A
$PSTM3DGYRO,780532810,-367,276,2338,0,1*7B
$PSTM3DGYRO,780601107,-573,385,3618,0,1*7F
$PSTM3DGYRO,780669221,-704,451,4787,0,1*7A
$PSTM3DGYRO,780737441,-544,349,4698,0,1*77
$PSTM3DGYRO,780805840,-951,588,4105,0,1*74
$PSTMDRGPS,19.033694169,-98.314584046,0.00000,0.00000,99.000,99.000,99.000,0.000,0.000,0.00000*54
$GPRMC,123533.000,V,1902.0217,N,09818.8750,W,0.0,0.0,131216,,,E*60
$GPGGA,123533.000,1902.0217,N,09818.8750,W,0,00,99.0,2139.78,M,-9.1,M,,*65
$GPVTG,0.0,T,,M,0.0,N,0.0,K,E*09
$GNGSA,A,1,,,,,,,,,,,,,99.0,99.0,99.0*1E
$GNGSA,A,1,,,,,,,,,,,,,99.0,99.0,99.0*1E
$GPGSV,3,1,12,02,43,016,,05,82,120,,06,16,046,,12,69,281,*72
$GPGSV,3,2,12,13,13,157,,15,07,189,,17,11,106,,19,21,095,*7D
$GPGSV,3,3,12,20,34,215,,24,13,220,,25,31,315,,29,09,314,*7B
$GLGSV,3,1,10,74,07,322,,73,30,277,,82,25,055,,73,32,266,*6E
$GLGSV,3,2,10,84,05,306,,83,31,355,,67,26,040,,68,59,107,*66
$GLGSV,3,3,10,80,24,214,,69,31,177,,,,,,,,,*61
$PSTM3DACC,780872656,-192,1600,16144*3D
$PSTM3DACC,780940761,-128,1408,16256*33
$PSTM3DACC,781008856,-400,1728,15872*3D
$PSTM3DACC,781077046,-240,1568,16016*31
$PSTM3DACC,781145247,-272,1472,16016*39
$PSTM3DACC,781213481,-192,1744,16064*3B
$PSTM3DACC,781281906,-112,1616,16160*39
$PSTM3DACC,781349957,-208,1808,16016*31
$PSTM3DACC,781418050,-256,1776,16096*39
$PSTM3DACC,781486339,-208,1872,16064*3F
$PSTM3DACC,781554468,-272,1792,15904*32
$PSTM3DACC,781622725,-192,1728,16080*30
$PSTM3DACC,781690872,-128,1808,15952*3D
$PSTM3DACC,781759092,-192,1568,16032*39
$PSTM3DACC,781827411,-224,1440,15984*32
$PSTM3DGYRO,780874087,-688,287,4020,0,1*74
$PSTM3DGYRO,780942116,-769,308,3919,0,1*75
$PSTM3DGYRO,781010202,-296,161,3873,0,1*79
$PSTM3DGYRO,781078360,-300,156,4531,0,1*74
$PSTM3DGYRO,781146557,-266,157,4338,0,1*75
$PSTM3DGYRO,781214823,-474,133,4360,0,1*75
$PSTM3DGYRO,781283315,-114,80,3085,0,1*40
$PSTM3DGYRO,781351339,-258,116,2739,0,1*74
$PSTM3DGYRO,781419383,-103,50,1352,0,1*4A
$PSTM3DGYRO,781487694,12,-20,-130,0,1*62
$PSTM3DGYRO,781555796,246,-143,-1425,0,1*58
$PSTM3DGYRO,781624062,454,-254,-2729,0,1*5D
$PSTM3DGYRO,781692209,598,-314,-4073,0,1*55
$PSTM3DGYRO,781760442,398,-241,-4330,0,1*53
$PSTM3DGYRO,781828811,411,-237,-3951,0,1*57
$PSTM3DGYRO,781897072,806,-479,-4855,0,1*5A
$PSTMDRGPS,19.033694169,-98.314584046,0.00000,0.00000,99.000,99.000,99.000,0.000,0.000,0.00000*54
$GPRMC,123534.000,V,1902.0217,N,09818.8750,W,0.0,0.0,131216,,,E*67
$GPGGA,123534.000,1902.0217,N,09818.8750,W,0,00,99.0,2139.78,M,-9.1,M,,*62
$GPVTG,0.0,T,,M,0.0,N,0.0,K,E*09
$GNGSA,A,1,,,,,,,,,,,,,99.0,99.0,99.0*1E
$GNGSA,A,1,,,,,,,,,,,,,99.0,99.0,99.0*1E
$GPGSV,3,1,12,02,43,016,,05,82,120,,06,16,046,,12,69,281,*72
$GPGSV,3,2,12,13,13,157,,15,07,189,,17,11,106,,19,21,095,*7D
$GPGSV,3,3,12,20,34,215,,24,13,220,,25,31,315,,29,09,314,*7B
$GLGSV,3,1,10,74,07,322,,73,30,277,,82,25,055,,73,32,266,*6E
$GLGSV,3,2,10,84,05,306,,83,31,355,,67,26,040,,68,59,107,*66
$GLGSV,3,3,10,80,24,214,,69,31,177,,,,,,,,,*61
$PSTM3DACC,781895681,-384,1792,15680*3C
$PSTM3DACC,781963836,96,1312,16400*2E
$PSTM3DACC,782031932,-48,1296,16128*0A
$PSTM3DACC,782100164,-80,1376,16032*03
$PSTM3DACC,782168312,-32,1536,16000*04
$PSTM3DACC,782236524,-80,1536,16048*0A
$PSTM3DACC,782304710,-64,1488,16080*05
$PSTM3DACC,782372896,-96,1488,16128*0B
$PSTM3DACC,782441190,-80,1536,16032*0A
$PSTM3DACC,782509337,-48,1536,16128*06
$PSTM3DACC,782577540,0,1664,16080*1F
$PSTM3DACC,782645721,48,1696,16064*23
$PSTM3DACC,782713879,160,1600,16160*12
$PSTM3DACC,782782090,-16,1808,15888*02
$PSTM3DACC,782850417,96,1392,16128*24
$PSTM3DGYRO,781965227,185,-115,-1935,0,1*5B
$PSTM3DGYRO,782033288,429,-208,-1876,0,1*5D
$PSTM3DGYRO,782101531,-20,-5,-749,0,1*75
$PSTM3DGYRO,782169647,-11,49,-35,0,1*52
$PSTM3DGYRO,782237919,-2,-23,-19,0,1*43
$PSTM3DGYRO,782306071,16,12,21,0,1*56
$PSTM3DGYRO,782374220,-33,6,18,0,1*40
$PSTM3DGYRO,782442572,-3,14,-20,0,1*64
$PSTM3DGYRO,782510679,-237,-4,-9,0,1*48
$PSTM3DGYRO,782578905,122,-19,-555,0,1*58
$PSTM3DGYRO,782647049,337,-139,-1026,0,1*53
$PSTM3DGYRO,782715203,482,-294,-2596,0,1*59
$PSTM3DGYRO,782783432,-128,20,-3498,0,1*64
$PSTM3DGYRO,782851838,439,-349,-4984,0,1*5C
$PSTMDRGPS,19.033694169,-98.314584046,0.00000,0.00000,99.000,99.000,99.000,0.000,0.000,0.00000*54
$GPRMC,123535.000,V,1902.0217,N,09818.8750,W,0.0,0.0,131216,,,E*66
$GPGGA,123535.000,1902.0217,N,09818.8750,W,0,00,99.0,2139.78,M,-9.1,M,,*63
$GPVTG,0.0,T,,M,0.0,N,0.0,K,E*09
$GNGSA,A,1,,,,,,,,,,,,,99.0,99.0,99.0*1E
$GNGSA,A,1,,,,,,,,,,,,,99.0,99.0,99.0*1E
$GPGSV,3,1,12,02,43,016,,05,82,120,,06,16,046,,12,69,281,*72
$GPGSV,3,2,12,13,13,157,,15,07,189,,17,11,106,,19,21,095,*7D
$GPGSV,3,3,12,20,34,215,,24,13,220,,25,31,315,,29,09,314,*7B
$GLGSV,3,1,10,74,07,322,,73,30,277,,82,25,055,,73,32,266,*6E
$GLGSV,3,2,10,84,05,306,,83,31,355,,67,26,040,,68,59,107,*66
$GLGSV,3,3,10,80,24,214,,69,31,177,,,,,,,,,*61
$PSTM3DACC,782918734,48,1360,16048*22
$PSTM3DACC,782986784,0,1264,16176*1B
$PSTM3DACC,783054927,-112,1248,16016*3D
$PSTM3DACC,783123123,-16,1200,16112*0C
$PSTM3DACC,783191303,-64,1328,16048*05
$PSTM3DACC,783259609,0,1216,16128*19
$PSTM3DACC,783327923,-80,1232,16064*0C
$PSTM3DACC,783395963,-32,1184,16160*03
$PSTM3DACC,783464106,-80,1312,16128*09
$PSTM3DACC,783532488,-32,1536,16016*0D
$PSTM3DACC,783600555,0,1472,16192*1E
$PSTM3DACC,783668788,-112,1440,16272*31
$PSTM3DACC,783736955,-224,1392,16176*3C
$PSTM3DACC,783805143,-160,1712,16016*34
$PSTM3DACC,783873497,-304,1744,15904*33
$PSTM3DGYRO,782920156,421,-300,-5027,0,1*5F
$PSTM3DGYRO,782988194,374,-240,-4673,0,1*57
$PSTM3DGYRO,783056264,278,-156,-3420,0,1*5A
$PSTM3DGYRO,783124451,194,-141,-2128,0,1*55
$PSTM3DGYRO,783192622,41,-19,-745,0,1*64
$PSTM3DGYRO,783260977,-131,113,574,0,1*45
$PSTM3DGYRO,783329338,-292,212,1952,0,1*79
$PSTM3DGYRO,783397291,-537,377,3239,0,1*70
$PSTM3DGYRO,783465429,-640,404,4423,0,1*75
$PSTM3DGYRO,783533909,-643,430,5098,0,1*79
$PSTM3DGYRO,783601919,-802,418,4913,0,1*70
$PSTM3DGYRO,783670157,-996,442,4261,0,1*79
$PSTM3DGYRO,783738296,-640,229,4108,0,1*79
$PSTM3DGYRO,783806507,-491,112,4527,0,1*78
$PSTM3DGYRO,783874888,-428,193,4859,0,1*78
$PSTM3DGYRO,783943207,-479,216,5121,0,1*7D
$PSTMDRGPS,19.033694169,-98.314584046,0.00000,0.00000,99.000,99.000,99.000,0.000,0.000,0.00000*54
$GPRMC,123536.000,V,1902.0217,N,09818.8750,W,0.0,0.0,131216,,,E*65
$GPGGA,123536.000,1902.0217,N,09818.8750,W,0,00,99.0,2139.78,M,-9.1,M,,*60
$GPVTG,0.0,T,,M,0.0,N,0.0,K,E*09
$GNGSA,A,1,,,,,,,,,,,,,99.0,99.0,99.0*1E
$GNGSA,A,1,,,,,,,,,,,,,99.0,99.0,99.0*1E
$GPGSV,3,1,12,02,43,016,,05,82,120,,06,16,046,,12,69,281,*72
$GPGSV,3,2,12,13,13,157,,15,07,189,,17,11,106,,19,21,095,*7D
$GPGSV,3,3,12,20,34,215,,24,13,220,,25,31,315,,29,09,314,*7B
$GLGSV,3,1,10,74,07,322,,73,30,277,,82,25,055,,73,32,266,*6E
$GLGSV,3,2,10,84,05,306,,83,31,355,,67,26,040,,68,59,107,*66
$GLGSV,3,3,10,80,24,214,,69,31,177,,,,,,,,,*61
$PSTM3DACC,783941746,-240,1504,16048*39
$PSTM3DACC,784009885,32,1584,16464*23
$PSTM3DACC,784078023,-192,1552,16144*3B
$PSTM3DACC,784146166,-256,1792,16080*3B
$PSTM3DACC,784214354,-224,1744,16128*31
$PSTM3DACC,784282548,-288,1712,16032*3A
$PSTM3DACC,784350754,-224,1776,16064*3C
$PSTM3DACC,784418999,-240,1824,16048*3C
$PSTM3DACC,784487194,-160,1712,16064*3A
$PSTM3DACC,784555431,-192,1792,16032*38
$PSTM3DACC,784623608,-80,1552,16032*0E
$PSTM3DACC,784691780,-272,1552,16000*38
$PSTM3DACC,784759939,-112,1312,16064*34
$PSTM3DACC,784828188,-192,1248,16144*3A
$PSTM3DACC,784896544,-160,1488,15968*39
$PSTM3DGYRO,784011258,-829,105,4246,0,1*75
$PSTM3DGYRO,784079406,-255,180,4104,0,1*7F
$PSTM3DGYRO,784147498,-303,125,3632,0,1*7C
$PSTM3DGYRO,784215707,-193,106,1935,0,1*7D
$PSTM3DGYRO,784283908,-238,112,-83,0,1*5C
$PSTM3DGYRO,784352111,-22,76,-700,0,1*67
$PSTM3DGYRO,784420390,258,-141,-1873,0,1*5E
$PSTM3DGYRO,784488561,555,-456,-3114,0,1*57
$PSTM3DGYRO,784556805,555,-323,-4660,0,1*5C
$PSTM3DGYRO,784624988,447,-166,-4884,0,1*5B
$PSTM3DGYRO,784693113,581,-76,-4096,0,1*6D
$PSTM3DGYRO,784761254,522,-307,-4740,0,1*51
$PSTM3DGYRO,784829525,135,-109,-2804,0,1*54
$PSTM3DGYRO,784897954,-50,79,-1573,0,1*51
$PSTM3DGYRO,784966184,-51,8,-586,0,1*57
$PSTMDRGPS,19.033694169,-98.314584046,0.00000,0.00000,99.000,99.000,99.000,0.000,0.000,0.00000*54
$GPRMC,123537.000,V,1902.0217,N,09818.8750,W,0.0,0.0,131216,,,E*64
$GPGGA,123537.000,1902.0217,N,09818.8750,W,0,00,99.0,2139.78,M,-9.1,M,,*61
$GPVTG,0.0,T,,M,0.0,N,0.0,K,E*09
$GNGSA,A,1,,,,,,,,,,,,,99.0,99.0,99.0*1E
$GNGSA,A,1,,,,,,,,,,,,,99.0,99.0,99.0*1E
$GPGSV,3,1,12,02,43,016,,05,82,120,,06,16,046,,12,69,281,*72
$GPGSV,3,2,12,13,13,157,,15,07,189,,17,11,106,,19,21,095,*7D
$GPGSV,3,3,12,20,34,215,,24,13,220,,25,31,315,,29,09,314,*7B
$GLGSV,3,1,10,74,07,322,,73,30,277,,82,25,055,,73,32,266,*6E
$GLGSV,3,2,10,84,06,307,,83,31,355,,67,26,040,,68,59,107,*64
$GLGSV,3,3,10,80,24,214,,69,31,177,,,,,,,,,*61
$PSTM3DACC,784964770,-80,1360,15984*0C
$PSTM3DACC,785032854,-48,1520,16064*0C
$PSTM3DACC,785101046,-112,1488,16064*3B
$PSTM3DACC,785169170,-80,1504,16032*0D
$PSTM3DACC,785237465,-80,1552,16080*0E
$PSTM3DACC,785305588,-112,1536,16048*30
$PSTM3DACC,785373985,-80,1536,16016*01
$PSTM3DACC,785442008,0,1600,16128*17
$PSTM3DACC,785510174,-240,1792,15520*35
$PSTM3DACC,785578430,336,1536,16336*1D
$PSTM3DACC,785646602,64,1632,15936*2A
$PSTM3DACC,785714840,64,1472,16016*2A
$PSTM3DACC,785783005,48,1456,16032*23
$PSTM3DACC,785851194,0,1184,16080*15
$PSTM3DACC,785919504,-16,1136,16112*0C
$PSTM3DGYRO,785034219,-23,14,-10,0,1*5D
$PSTM3DGYRO,785102407,-7,9,-28,0,1*51
$PSTM3DGYRO,785170493,-33,12,3,0,1*40
$PSTM3DGYRO,785238825,-9,30,-8,0,1*51
$PSTM3DGYRO,785306942,-24,-7,-6,0,1*75
$PSTM3DGYRO,785375402,3,5,17,0,1*52
$PSTM3DGYRO,785443341,108,-60,-590,0,1*53
$PSTM3DGYRO,785511503,701,-357,-1040,0,1*54
$PSTM3DGYRO,785579789,611,-374,-2895,0,1*58
$PSTM3DGYRO,785647953,-27,-85,-3700,0,1*7E
$PSTM3DGYRO,785716213,539,-426,-5535,0,1*5C
$PSTM3DGYRO,785784324,446,-303,-5461,0,1*5B
$PSTM3DGYRO,785852527,408,-299,-5152,0,1*57
$PSTM3DGYRO,785920891,323,-251,-3595,0,1*50
$PSTMDRGPS,19.033694169,-98.314584046,0.00000,0.00000,99.000,99.000,99.000,0.000,0.000,0.00000*54
$GPRMC,123538.000,V,1902.0217,N,09818.8750,W,0.0,0.0,131216,,,E*6B
$GPGGA,123538.000,1902.0217,N,09818.8750,W,0,00,99.0,2139.78,M,-9.1,M,,*6E
$GPVTG,0.0,T,,M,0.0,N,0.0,K,E*09
$GNGSA,A,1,,,,,,,,,,,,,99.0,99.0,99.0*1E
$GNGSA,A,1,,,,,,,,,,,,,99.0,99.0,99.0*1E
$GPGSV,3,1,12,02,43,016,,05,82,120,,06,16,046,,12,69,281,*72
$GPGSV,3,2,12,13,13,157,,15,07,189,,17,11,106,,19,21,095,*7D
$GPGSV,3,3,12,20,34,215,,24,13,220,,25,31,315,,29,09,314,*7B
$GLGSV,3,1,10,74,07,322,,73,30,277,,82,25,055,,73,32,266,*6E
$GLGSV,3,2,10,84,06,307,,83,31,355,,67,26,040,,68,59,107,*64
$GLGSV,3,3,10,80,24,214,,69,31,177,,,,,,,,,*61
$PSTM3DACC,785987813,-48,1280,16128*0C
$PSTM3DACC,786055895,0,1264,15952*1A
$PSTM3DACC,786124043,0,1232,16128*1B
$PSTM3DACC,786192237,16,1232,16048*27
$PSTM3DACC,786260383,16,1200,16128*21
$PSTM3DACC,786328613,-64,1328,16016*0F
$PSTM3DACC,786396815,-64,1296,16080*09
$PSTM3DACC,786465007,-64,1552,16032*0F
$PSTM3DACC,786533242,-64,1568,16112*04
$PSTM3DACC,786601479,-512,1536,15776*30
$PSTM3DACC,786669644,-480,1792,15776*34
$PSTM3DACC,786737805,-320,1680,15936*30
$PSTM3DACC,786806142,-208,1616,16000*3C
$PSTM3DACC,786874236,-368,1584,15888*3D
$PSTM3DACC,786942604,-224,1792,15904*35
$PSTM3DGYRO,785989259,258,-159,-2441,0,1*52
$PSTM3DGYRO,786057273,130,-84,-1178,0,1*63
$PSTM3DGYRO,786125403,-66,62,133,0,1*4F
$PSTM3DGYRO,786193570,-259,176,1449,0,1*74
$PSTM3DGYRO,786261738,-461,337,3013,0,1*77
$PSTM3DGYRO,786329970,-630,456,4155,0,1*7A
$PSTM3DGYRO,786398170,-813,507,5419,0,1*7E
$PSTM3DGYRO,786466350,-637,431,5317,0,1*7D
$PSTM3DGYRO,786534605,-588,335,5011,0,1*7F
$PSTM3DGYRO,786602860,-258,3,4210,0,1*7A
$PSTM3DGYRO,786671026,-547,298,4643,0,1*7F
$PSTM3DGYRO,786739129,-246,96,4961,0,1*49
$PSTM3DGYRO,786807501,-447,180,5658,0,1*70
$PSTM3DGYRO,786875590,-593,261,4718,0,1*7D
$PSTM3DGYRO,786944027,-667,299,5606,0,1*77
$PSTM3DGYRO,787012241,-533,27,3796,0,1*45
$PSTMDRGPS,19.033694169,-98.314584046,0.00000,0.00000,99.000,99.000,99.000,0.000,0.000,0.00000*54
$GPRMC,123539.000,V,1902.0217,N,09818.8750,W,0.0,0.0,131216,,,E*6A
$GPGGA,123539.000,1902.0217,N,09818.8750,W,0,00,99.0,2139.78,M,-9.1,M,,*6F
$GPVTG,0.0,T,,M,0.0,N,0.0,K,E*09
$GNGSA,A,1,,,,,,,,,,,,,99.0,99.0,99.0*1E
$GNGSA,A,1,,,,,,,,,,,,,99.0,99.0,99.0*1E
$GPGSV,3,1,12,02,43,016,,05,82,120,,06,16,046,,12,69,281,*72
$GPGSV,3,2,12,13,13,157,,15,07,189,,17,11,106,,19,21,095,*7D
$GPGSV,3,3,12,20,34,215,,24,13,220,,25,31,315,,29,09,314,*7B
$GLGSV,3,1,10,74,07,322,,73,30,277,,82,25,055,,73,32,266,*6E
$GLGSV,3,2,10,84,06,307,,83,31,355,,67,26,040,,68,59,107,*64
$GLGSV,3,3,10,80,24,214,,69,31,177,,,,,,,,,*61
$PSTM3DACC,787010846,-224,1872,16016*3A
$PSTM3DACC,787078928,-320,2128,15856*32
$PSTM3DACC,787147060,-224,1792,16048*3F
$PSTM3DACC,787215220,-240,1888,15936*38
$PSTM3DACC,787283411,-288,1776,16016*31
$PSTM3DACC,787351696,-256,1792,15920*34
$PSTM3DACC,787420047,-240,1728,15920*39
$PSTM3DACC,787488051,-96,1680,16064*0C
$PSTM3DACC,787556338,-192,1280,16032*30
$PSTM3DACC,787624495,-352,1664,15696*3D
$PSTM3DACC,787692667,-144,1232,16048*3B
$PSTM3DACC,787760860,-320,1584,15616*3A
$PSTM3DACC,787829024,-64,1344,16016*0C
$PSTM3DACC,787897258,-128,1408,16064*33
$PSTM3DACC,787965555,-32,1536,16032*00
$PSTM3DGYRO,787080335,-225,63,2647,0,1*40
$PSTM3DGYRO,787148420,-302,226,1444,0,1*73
$PSTM3DGYRO,787216548,-44,3,311,0,1*76
$PSTM3DGYRO,787284749,267,-319,-1051,0,1*5E
$PSTM3DGYRO,787353051,619,-725,-2192,0,1*50
$PSTM3DGYRO,787421459,392,-231,-3816,0,1*5C
$PSTM3DGYRO,787489388,483,-306,-4936,0,1*53
$PSTM3DGYRO,787557711,659,80,-4927,0,1*40
$PSTM3DGYRO,787625841,1058,-688,-4905,0,1*69
$PSTM3DGYRO,787694004,292,-169,-3927,0,1*50
$PSTM3DGYRO,787762179,78,5,-2065,0,1*4D
$PSTM3DGYRO,787830349,-2,-23,-1867,0,1*44
$PSTM3DGYRO,787898609,-1,-5,-647,0,1*4D
$PSTM3DGYRO,787966960,-43,67,-37,0,1*53
$PSTMDRGPS,19.033694169,-98.314584046,0.00000,0.00000,99.000,99.000,99.000,0.000,0.000,0.00000*54
$GPRMC,123540.000,V,1902.0217,N,09818.8750,W,0.0,0.0,131216,,,E*64
$GPGGA,123540.000,1902.0217,N,09818.8750,W,0,00,99.0,2139.78,M,-9.1,M,,*61
$GPVTG,0.0,T,,M,0.0,N,0.0,K,E*09
$GNGSA,A,1,,,,,,,,,,,,,99.0,99.0,99.0*1E
$GNGSA,A,1,,,,,,,,,,,,,99.0,99.0,99.0*1E
$GPGSV,3,1,12,02,43,016,,05,82,120,,06,16,046,,12,69,281,*72
$GPGSV,3,2,12,13,13,157,,15,07,189,,17,11,106,,19,21,095,*7D
$GPGSV,3,3,12,20,34,215,,24,13,220,,25,31,315,,29,09,314,*7B
$GLGSV,3,1,10,74,07,322,,73,30,277,,82,25,055,,73,32,266,*6E
$GLGSV,3,2,10,84,06,307,,83,31,355,,67,26,040,,68,59,107,*64
$GLGSV,3,3,10,80,24,214,,69,31,177,,,,,,,,,*61
$PSTM3DACC,788033825,-48,1472,16048*0E
$PSTM3DACC,788101959,-48,1536,16048*05
$PSTM3DACC,788170166,-48,1472,16080*02
$PSTM3DACC,788238282,-64,1536,16032*02
$PSTM3DACC,788306528,-48,1552,16016*03
$PSTM3DACC,788374668,-32,1552,16080*03
$PSTM3DACC,788442913,-112,1648,15920*39
$PSTM3DACC,788511063,144,1648,16128*1D
$PSTM3DACC,788579256,176,1664,16160*14
$PSTM3DACC,788647567,176,1568,16032*16
$PSTM3DACC,788715800,112,1328,16128*16
$PSTM3DACC,788783883,-16,1200,16080*02
$PSTM3DACC,788852063,0,1248,16048*15
$PSTM3DACC,788920308,0,1280,15984*11
$PSTM3DACC,788988659,48,1216,16144*26
$PSTM3DGYRO,788035256,-9,9,-4,0,1*6B
$PSTM3DGYRO,788103318,-9,17,19,0,1*4A
$PSTM3DGYRO,788171544,1,24,-2,0,1*72
$PSTM3DGYRO,788239619,9,25,-8,0,1*75
$PSTM3DGYRO,788307906,15,3,-2,0,1*7B
$PSTM3DGYRO,788375996,123,-85,-709,0,1*5C
$PSTM3DGYRO,788444264,249,-91,-1371,0,1*6F
$PSTM3DGYRO,788512402,126,-107,-2922,0,1*50
$PSTM3DGYRO,788580593,242,-240,-3975,0,1*50
$PSTM3DGYRO,788648934,472,-399,-5775,0,1*5E
$PSTM3DGYRO,788717172,453,-345,-5842,0,1*56
$PSTM3DGYRO,788785217,499,-366,-5347,0,1*54
$PSTM3DGYRO,788853399,366,-221,-4084,0,1*5F
$PSTM3DGYRO,788921632,271,-167,-2706,0,1*52
$PSTM3DGYRO,788990032,114,-70,-1457,0,1*6D
$PSTM3DGYRO,789058324,14,-16,-146,0,1*60
$PSTMDRGPS,19.033694169,-98.314584046,0.00000,0.00000,99.000,99.000,99.000,0.000,0.000,0.00000*54
$GPRMC,123541.000,V,1902.0217,N,09818.8750,W,0.0,0.0,131216,,,E*65
$GPGGA,123541.000,1902.0217,N,09818.8750,W,0,00,99.0,2139.78,M,-9.1,M,,*60
$GPVTG,0.0,T,,M,0.0,N,0.0,K,E*09
$GNGSA,A,1,,,,,,,,,,,,,99.0,99.0,99.0*1E
$GNGSA,A,1,,,,,,,,,,,,,99.0,99.0,99.0*1E
$GPGSV,3,1,12,02,43,016,,05,82,120,,06,16,046,,12,69,281,*72
$GPGSV,3,2,12,13,13,157,,15,07,189,,17,11,106,,19,21,095,*7D
$GPGSV,3,3,12,20,34,215,,24,13,220,,25,31,315,,29,09,314,*7B
$GLGSV,3,1,10,74,07,322,,73,30,277,,82,25,055,,73,32,266,*6E
$GLGSV,3,2,10,84,06,307,,83,31,355,,67,26,040,,68,59,107,*64
$GLGSV,3,3,10,80,24,214,,69,31,177,,,,,,,,,*61
$PSTM3DACC,789056911,0,1248,16080*10
$PSTM3DACC,789125073,64,1376,16032*2F
$PSTM3DACC,789193171,0,1280,16080*12
$PSTM3DACC,789261294,0,1248,16112*1A
$PSTM3DACC,789329482,16,1280,16096*28
$PSTM3DACC,789397756,-48,1536,16128*0F
$PSTM3DACC,789466132,-272,1584,15872*35
$PSTM3DACC,789534144,-128,1904,15872*3A
$PSTM3DACC,789602308,-256,1728,16000*32
$PSTM3DACC,789670482,-272,1664,16048*31
$PSTM3DACC,789738779,-224,1664,16032*35
$PSTM3DACC,789806987,-272,1536,16272*39
$PSTM3DACC,789875250,-240,1792,16000*36
$PSTM3DACC,789943342,-400,1552,15952*31
$PSTM3DACC,790011696,-144,1760,15984*36
$PSTM3DGYRO,789126469,-205,156,1181,0,1*76
$PSTM3DGYRO,789194555,-336,266,2493,0,1*75
$PSTM3DGYRO,789262631,-547,389,3949,0,1*75
$PSTM3DGYRO,789330807,-808,573,5177,0,1*7E
$PSTM3DGYRO,789399116,-742,486,5980,0,1*7E
$PSTM3DGYRO,789467528,-1215,715,5378,0,1*43
$PSTM3DGYRO,789535472,-958,465,4881,0,1*70
$PSTM3DGYRO,789603627,-438,130,5065,0,1*79
$PSTM3DGYRO,789671815,-193,79,5501,0,1*4C
$PSTM3DGYRO,789740153,-525,218,6192,0,1*75
$PSTM3DGYRO,789808337,-940,374,4790,0,1*74
$PSTM3DGYRO,789876618,-659,303,6191,0,1*77
$PSTM3DGYRO,789944687,-489,73,3939,0,1*45
$PSTM3DGYRO,790013145,-398,-359,3551,0,1*5C
$PSTM3DGYRO,790081281,-261,172,2272,0,1*7A
$PSTMDRGPS,19.033694169,-98.314584046,0.00000,0.00000,99.000,99.000,99.000,0.000,0.000,0.00000*54
$GPRMC,123542.000,V,1902.0217,N,09818.8750,W,0.0,0.0,131216,,,E*66
$GPGGA,123542.000,1902.0217,N,09818.8750,W,0,00,99.0,2139.78,M,-9.1,M,,*63
$GPVTG,0.0,T,,M,0.0,N,0.0,K,E*09
$GNGSA,A,1,,,,,,,,,,,,,99.0,99.0,99.0*1E
$GNGSA,A,1,,,,,,,,,,,,,99.0,99.0,99.0*1E
$GPGSV,3,1,12,02,43,016,,05,82,120,,06,16,046,,12,69,281,*72
$GPGSV,3,2,12,13,13,157,,15,07,189,,17,11,106,,19,21,095,*7D
$GPGSV,3,3,12,20,34,215,,24,13,220,,25,31,315,,29,09,314,*7B
$GLGSV,3,1,10,74,07,322,,73,30,277,,82,25,055,,73,32,266,*6E
$GLGSV,3,2,10,84,06,307,,83,31,355,,67,26,040,,68,59,107,*64
$GLGSV,3,3,10,80,24,214,,69,31,177,,,,,,,,,*61
$PSTM3DACC,790079908,-256,1760,16000*36
$PSTM3DACC,790148063,-176,1728,16080*34
$PSTM3DACC,790216149,-176,1888,16064*3A
$PSTM3DACC,790284330,-320,2016,15936*3D
$PSTM3DACC,790352516,-256,1824,15952*3D
$PSTM3DACC,790420746,16,1632,16208*2D
$PSTM3DACC,790488922,-96,1296,16128*0D
$PSTM3DACC,790557127,-496,608,15920*06
$PSTM3DACC,790625432,-432,1488,15696*36
$PSTM3DACC,790693535,-1024,1200,15264*00
$PSTM3DACC,790761792,-192,1248,15952*3C
$PSTM3DACC,790829944,-128,1376,16064*38
$PSTM3DACC,790898127,-64,1312,16064*04
$PSTM3DACC,790966353,0,1456,16080*17
$PSTM3DACC,791034656,-64,1424,16080*02
$PSTM3DGYRO,790149446,-36,-21,1074,0,1*5F
$PSTM3DGYRO,790217522,-48,49,-264,0,1*61
$PSTM3DGYRO,790285663,272,-286,-1702,0,1*52
$PSTM3DGYRO,790353857,590,-719,-2735,0,1*5E
$PSTM3DGYRO,790422061,566,-170,-4497,0,1*5F
$PSTM3DGYRO,790490259,497,-57,-5376,0,1*6D
$PSTM3DGYRO,790558489,189,126,-4709,0,1*7E
$PSTM3DGYRO,790626864,544,-376,-5503,0,1*5D
$PSTM3DGYRO,790694905,1810,-798,-2804,0,1*66
$PSTM3DGYRO,790763151,431,-211,-2820,0,1*5A
$PSTM3DGYRO,790831277,-32,31,-1649,0,1*50
$PSTM3DGYRO,790899460,31,-17,-516,0,1*6D
$PSTM3DGYRO,790967681,-57,51,-6,0,1*66
$PSTM3DGYRO,791036072,22,36,-17,0,1*7E
$PSTMDRGPS,19.033694169,-98.314584046,0.00000,0.00000,99.000,99.000,99.000,0.000,0.000,0.00000*54
$GPRMC,123543.000,V,1902.0217,N,09818.8750,W,0.0,0.0,131216,,,E*67
$GPGGA,123543.000,1902.0217,N,09818.8750,W,0,00,99.0,2139.78,M,-9.1,M,,*62
$GPVTG,0.0,T,,M,0.0,N,0.0,K,E*09
$GNGSA,A,1,,,,,,,,,,,,,99.0,99.0,99.0*1E
$GNGSA,A,1,,,,,,,,,,,,,99.0,99.0,99.0*1E
$GPGSV,3,1,12,02,43,016,,05,82,120,,06,16,046,,12,69,281,*72
$GPGSV,3,2,12,13,13,157,,15,07,189,,17,11,106,,19,21,095,*7D
$GPGSV,3,3,12,20,34,215,,24,13,220,,25,32,315,,29,09,314,*78
$GLGSV,3,1,10,74,07,322,,73,30,277,,82,25,055,,73,32,266,*6E
$GLGSV,3,2,10,84,06,307,,83,31,355,,67,25,040,,68,59,107,*67
$GLGSV,3,3,10,80,24,214,,69,31,177,,,,,,,,,*61
$PSTM3DACC,791102936,-16,1472,16032*00
$PSTM3DACC,791171087,-64,1504,16016*04
$PSTM3DACC,791239209,-16,1536,16016*0B
$PSTM3DACC,791307358,-32,1536,16016*04
$PSTM3DACC,791375556,64,1552,16080*2A
$PSTM3DACC,791443873,208,1568,16224*1F
$PSTM3DACC,791512192,-48,1808,15920*00
$PSTM3DACC,791580189,128,1648,16016*1E
$PSTM3DACC,791648374,192,1568,16032*1F
$PSTM3DACC,791716547,64,1408,16064*2F
$PSTM3DACC,791784853,128,1168,16208*1E
$PSTM3DACC,791852984,0,1200,16096*12
$PSTM3DACC,791921163,16,1264,16048*20
$PSTM3DACC,791989378,16,1168,16080*21
$PSTM3DACC,792057670,16,1216,16144*26
$PSTM3DGYRO,791104353,-13,2,-13,0,1*62
$PSTM3DGYRO,791172460,-30,35,-28,0,1*59
$PSTM3DGYRO,791240565,4,35,25,0,1*65
$PSTM3DGYRO,791308686,-16,23,-12,0,1*56
$PSTM3DGYRO,791376870,137,-84,-763,0,1*56
$PSTM3DGYRO,791445280,348,-242,-1738,0,1*59
$PSTM3DGYRO,791513592,454,-185,-2845,0,1*5B
$PSTM3DGYRO,791581535,374,-287,-4495,0,1*5E
$PSTM3DGYRO,791649715,522,-390,-5913,0,1*59
$PSTM3DGYRO,791717866,588,-442,-6440,0,1*58
$PSTM3DGYRO,791786234,464,-358,-5606,0,1*51
$PSTM3DGYRO,791854326,339,-246,-4464,0,1*55
$PSTM3DGYRO,791922496,441,-297,-3251,0,1*5A
$PSTM3DGYRO,791990715,208,-185,-1768,0,1*5D
$PSTM3DGYRO,792059071,21,-6,-473,0,1*5C
$PSTM3DGYRO,792127405,-137,98,882,0,1*7D
$PSTMDRGPS,19.033694169,-98.314584046,0.00000,0.00000,99.000,99.000,99.000,0.000,0.000,0.00000*54
$GPRMC,123544.000,V,1902.0217,N,09818.8750,W,0.0,0.0,131216,,,E*60
$GPGGA,123544.000,1902.0217,N,09818.8750,W,0,00,99.0,2139.78,M,-9.1,M,,*65
$GPVTG,0.0,T,,M,0.0,N,0.0,K,E*09
$GNGSA,A,1,,,,,,,,,,,,,99.0,99.0,99.0*1E
$GNGSA,A,1,,,,,,,,,,,,,99.0,99.0,99.0*1E
$GPGSV,3,1,12,02,43,016,,05,82,120,,06,16,046,,12,69,281,*72
$GPGSV,3,2,12,13,13,157,,15,07,189,,17,11,106,,19,21,095,*7D
$GPGSV,3,3,12,20,34,215,,24,13,220,,25,32,315,,29,09,314,*78
$GLGSV,3,1,10,74,07,322,,73,30,277,,82,25,055,,73,32,266,*6E
$GLGSV,3,2,10,84,06,307,,83,31,355,,67,25,040,,68,59,107,*67
$GLGSV,3,3,10,80,24,214,,69,31,177,,,,,,,,,*61
$PSTM3DACC,792125980,96,1200,16048*20
$PSTM3DACC,792194203,0,1184,16128*1D
$PSTM3DACC,792262254,32,1168,16128*26
$PSTM3DACC,792330400,32,1216,16080*2E
$PSTM3DACC,792398592,-32,1344,16096*0A
$PSTM3DACC,792466793,64,1472,16112*2E
$PSTM3DACC,792535041,-320,1696,15712*32
$PSTM3DACC,792603193,-160,1536,16128*39
$PSTM3DACC,792671403,-384,1632,15872*3A
$PSTM3DACC,792739596,-192,1632,16032*30
$PSTM3DACC,792807872,-368,1088,16224*30
$PSTM3DACC,792876016,-240,1552,16000*31
$PSTM3DACC,792944188,-400,1776,15792*3E
$PSTM3DACC,793012398,-512,1792,15616*33
$PSTM3DACC,793080772,-336,1744,15968*35
$PSTM3DGYRO,792195602,-316,229,2214,0,1*7F
$PSTM3DGYRO,792263631,-455,366,3458,0,1*70
$PSTM3DGYRO,792331732,-735,570,4886,0,1*78
$PSTM3DGYRO,792399925,-858,578,6002,0,1*78
$PSTM3DGYRO,792468121,-578,378,6010,0,1*77
$PSTM3DGYRO,792536392,-1138,628,5391,0,1*4F
$PSTM3DGYRO,792604539,-1126,629,4770,0,1*4E
$PSTM3DGYRO,792672752,-952,437,6060,0,1*73
$PSTM3DGYRO,792740953,-682,309,6534,0,1*70
$PSTM3DGYRO,792809244,-1101,720,4964,0,1*46
$PSTM3DGYRO,792877348,-579,226,6650,0,1*71
$PSTM3DGYRO,792945516,-873,386,4986,0,1*76
$PSTM3DGYRO,793013722,-398,-108,4488,0,1*5C
$PSTM3DGYRO,793082181,-173,-77,3234,0,1*63
$PSTM3DGYRO,793150458,-229,160,1831,0,1*77
$PSTMDRGPS,19.033694169,-98.314584046,0.00000,0.00000,99.000,99.000,99.000,0.000,0.000,0.00000*54
$GPRMC,123545.000,V,1902.0217,N,09818.8750,W,0.0,0.0,131216,,,E*61
$GPGGA,123545.000,1902.0217,N,09818.8750,W,0,00,99.0,2139.78,M,-9.1,M,,*64
$GPVTG,0.0,T,,M,0.0,N,0.0,K,E*09
$GNGSA,A,1,,,,,,,,,,,,,99.0,99.0,99.0*1E
$GNGSA,A,1,,,,,,,,,,,,,99.0,99.0,99.0*1E
$GPGSV,3,1,12,02,43,016,,05,82,120,,06,16,046,,12,69,281,*72
$GPGSV,3,2,12,13,13,157,,15,07,189,,17,11,106,,19,21,095,*7D
$GPGSV,3,3,12,20,34,215,,24,13,220,,25,32,315,,29,09,314,*78
$GLGSV,3,1,10,74,07,322,,73,30,277,,82,25,055,,73,32,266,*6E
$GLGSV,3,2,10,84,06,307,,83,31,355,,67,25,040,,68,60,106,*6C
$GLGSV,3,3,10,80,24,214,,69,31,177,,,,,,,,,*61
$PSTM3DACC,793149039,-176,1776,16016*3D
$PSTM3DACC,793217082,-304,1696,15952*37
$PSTM3DACC,793285286,-160,1728,16096*3C
$PSTM3DACC,793353410,-128,1888,15968*3D
$PSTM3DACC,793421606,-224,1568,15968*36
$PSTM3DACC,793489801,-400,1904,15744*3B
$PSTM3DACC,793558248,32,1504,16128*2A
$PSTM3DACC,793626263,512,976,16704*2E
$PSTM3DACC,793694415,-400,1312,15872*3B
$PSTM3DACC,793762630,128,1312,16064*18
$PSTM3DACC,793830936,-96,1424,16080*08
$PSTM3DACC,793899165,-128,1344,16016*3F
$PSTM3DACC,793967255,-80,1296,16016*02
$PSTM3DACC,794035420,-48,1456,16064*04
$PSTM3DACC,794103744,16,1456,16080*2D
$PSTM3DGYRO,793218511,-10,-25,482,0,1*64
$PSTM3DGYRO,793286649,-79,147,-882,0,1*5B
$PSTM3DGYRO,793354737,251,-141,-2381,0,1*59
$PSTM3DGYRO,793422930,518,-366,-3600,0,1*56
$PSTM3DGYRO,793491133,939,-902,-4567,0,1*57
$PSTM3DGYRO,793559647,902,-99,-5770,0,1*60
$PSTM3DGYRO,793627609,854,-821,-5082,0,1*53
$PSTM3DGYRO,793695748,575,-423,-5217,0,1*50
$PSTM3DGYRO,793763958,1543,-577,-3093,0,1*6B
$PSTM3DGYRO,793832367,278,-183,-2712,0,1*58
$PSTM3DGYRO,793900556,105,-70,-1494,0,1*66
$PSTM3DGYRO,793968583,-91,54,-307,0,1*66
$PSTM3DGYRO,794036743,-71,51,-8,0,1*6A
$PSTM3DGYRO,794105131,-41,44,-10,0,1*56
$PSTM3DGYRO,794173531,-22,9,-9,0,1*57
$PSTMDRGPS,19.033694169,-98.314584046,0.00000,0.00000,99.000,99.000,99.000,0.000,0.000,0.00000*54
$GPRMC,123546.000,V,1902.0217,N,09818.8750,W,0.0,0.0,131216,,,E*62
$GPGGA,123546.000,1902.0217,N,09818.8750,W,0,00,99.0,2139.78,M,-9.1,M,,*67
$GPVTG,0.0,T,,M,0.0,N,0.0,K,E*09
$GNGSA,A,1,,,,,,,,,,,,,99.0,99.0,99.0*1E
$GNGSA,A,1,,,,,,,,,,,,,99.0,99.0,99.0*1E
$GPGSV,3,1,12,02,43,016,,05,82,120,,06,16,046,,12,69,281,*72
$GPGSV,3,2,12,13,13,157,,15,07,189,,17,11,106,,19,21,095,*7D
$GPGSV,3,3,12,20,34,215,,24,13,220,,25,32,315,,29,09,314,*78
$GLGSV,3,1,10,74,07,322,,73,30,277,,82,25,055,,73,32,266,*6E
$GLGSV,3,2,10,84,06,307,,83,31,355,,67,25,040,,68,60,106,*6C
$GLGSV,3,3,10,80,24,214,,69,31,177,,,,,,,,,*61
$PSTM3DACC,794172062,0,1456,16032*16
$PSTM3DACC,794240184,-48,1440,16096*05
$PSTM3DACC,794308247,-64,1440,16080*0D
$PSTM3DACC,794376452,-16,1456,16048*00
$PSTM3DACC,794444628,-48,1472,16032*09
$PSTM3DACC,794512846,-48,1472,16144*0D
$PSTM3DACC,794581060,-32,1456,16112*03
$PSTM3DACC,794649320,-48,1504,16032*0B
$PSTM3DACC,794717522,-32,1472,16096*06
$PSTM3DACC,794785699,-48,1456,16080*02
$PSTM3DACC,794853926,0,1472,16048*1E
$PSTM3DACC,794922078,-80,1424,16080*09
$PSTM3DACC,794990326,-32,1456,16016*0B
$PSTM3DACC,795058458,-32,1472,16032*09
$PSTM3DACC,795126805,-32,1488,16128*0A
$PSTM3DGYRO,794241584,-17,20,-32,0,1*5E
$PSTM3DGYRO,794309597,-13,14,-11,0,1*53
$PSTM3DGYRO,794377797,-8,19,-8,0,1*57
$PSTM3DGYRO,794445955,21,-10,-3,0,1*68
$PSTM3DGYRO,794514160,14,14,3,0,1*61
$PSTM3DGYRO,794582410,-31,2,6,0,1*74
$PSTM3DGYRO,794650706,-20,2,-20,0,1*65
$PSTM3DGYRO,794718890,27,14,-36,0,1*72
$PSTM3DGYRO,794787027,18,30,2,0,1*60
$PSTM3DGYRO,794855277,24,16,-18,0,1*7A
$PSTM3DGYRO,794923435,-1,-8,-14,0,1*7E
$PSTM3DGYRO,794991676,-28,-11,1,0,1*68
$PSTM3DGYRO,795059796,13,-10,-5,0,1*66
$PSTM3DGYRO,795128215,-19,18,-26,0,1*5C
$PSTMDRGPS,19.033694169,-98.314584046,0.00000,0.00000,99.000,99.000,99.000,0.000,0.000,0.00000*54
$GPRMC,123547.000,V,1902.0217,N,09818.8750,W,0.0,0.0,131216,,,E*63
$GPGGA,123547.000,1902.0217,N,09818.8750,W,0,00,99.0,2139.78,M,-9.1,M,,*66
$GPVTG,0.0,T,,M,0.0,N,0.0,K,E*09
$GNGSA,A,1,,,,,,,,,,,,,99.0,99.0,99.0*1E
$GNGSA,A,1,,,,,,,,,,,,,99.0,99.0,99.0*1E
$GPGSV,3,1,12,02,43,016,,05,82,120,,06,16,046,,12,69,281,*72
$GPGSV,3,2,12,13,13,157,,15,07,189,,17,11,106,,19,21,095,*7D
$GPGSV,3,3,12,20,34,215,,24,13,220,,25,32,315,,29,09,314,*78
$GLGSV,3,1,10,74,07,322,,73,30,277,,82,25,055,,73,32,266,*6E
$GLGSV,3,2,10,84,06,307,,83,31,355,,67,25,040,,68,60,106,*6C
$GLGSV,3,3,10,80,24,214,,69,31,177,,,,,,,,,*61
$PSTM3DACC,795195047,-16,1440,16080*0D
$PSTM3DACC,795263195,0,1536,16064*19
$PSTM3DACC,795331304,-32,1456,16016*0B
$PSTM3DACC,795399527,0,1488,16048*1A
$PSTM3DACC,795467672,-64,1472,16048*05
$PSTM3DACC,795536011,-32,1536,16016*0A
$PSTM3DACC,795604320,0,1536,16032*13
$PSTM3DACC,795672295,-96,1536,15984*08
$PSTM3DACC,795740480,-32,1488,16064*04
$PSTM3DACC,795808705,0,1456,16112*16
$PSTM3DACC,795877026,-32,1568,16000*0A
$PSTM3DACC,795945114,-48,1488,16096*07
$PSTM3DACC,796013288,0,1488,16064*14
$PSTM3DACC,796081467,-80,1488,16064*0D
$PSTM3DACC,796149916,-48,1456,16064*04
$PSTM3DGYRO,795196448,17,-8,