$GPTXT,SL869 v3.3.5.D1 -DR -N115*1e
$GPRMC,215010.530,V,1902.0196,N,09818.8955,W,0.0,0.0,100816,,,E*6D
$GPGGA,215010.530,1902.0196,N,09818.8955,W,0,00,99.0,2172.07,M,-9.1,M,,*67
$GPVTG,0.0,T,,M,0.0,N,0.0,K,E*09
$GNGSA,A,1,,,,,,,,,,,,,99.0,99.0,99.0*1E
$GNGSA,A,1,,,,,,,,,,,,,99.0,99.0,99.0*1E
$GPGSV,3,1,11,02,35,034,,05,73,030,,06,04,063,,12,62,228,*72
$GPGSV,3,2,11,13,24,140,,19,14,112,,20,50,230,,21,05,272,*71
$GPGSV,3,3,11,24,06,201,,25,45,293,,29,25,328,,,,,*41
$GLGSV,3,1,10,76,20,252,,75,07,197,,65,11,198,,70,09,028,*6D
$GLGSV,3,2,10,86,38,020,,77,10,301,,87,13,325,,85,23,081,*6D
$GLGSV,3,3,10,71,56,051,,72,58,173,,,,,,,,,*68
$PSTM3DACC,24305583,-6176,-1440,-880*38
$PSTM3DACC,24373912,64,-112,16128*06
$PSTM3DACC,24441974,16,-144,16096*02
$PSTM3DACC,24510165,0,-64,16128*0F
$PSTM3DACC,24578513,48,-112,16112*01
$PSTM3DACC,24646580,16,-144,16128*04
$PSTM3DACC,24714892,32,-96,16192*35
$PSTM3DACC,24783049,64,-64,16144*30
$PSTM3DACC,24851100,0,-96,16160*05
$PSTM3DACC,24919452,80,-128,16080*09
$PSTM3DACC,24987595,64,-112,16080*07
$PSTM3DACC,25055874,16,-96,16112*30
$PSTM3DACC,25123941,16,-96,16144*34
$PSTM3DACC,25192346,32,-80,16112*31
$PSTM3DACC,25260507,48,-128,16128*0B
$PSTM3DACC,25328607,16,-96,16128*3A
$PSTM3DACC,25396815,32,-112,16128*09
$PSTM3DACC,25465009,64,-80,16112*37
$PSTM3DACC,25533243,32,-128,16080*03
$PSTM3DACC,25601444,64,-80,16144*39
$PSTM3DACC,25669756,0,-64,16128*05
$PSTM3DGYRO,24307008,1531,-590,628,0,1*4E
$PSTM3DGYRO,24375448,-459,743,-598,0,1*5C
$PSTM3DGYRO,24443330,-486,770,-590,0,1*5C
$PSTM3DGYRO,24511569,-502,751,-608,0,1*5C
$PSTM3DGYRO,24579908,669,679,235,0,1*56
$PSTM3DGYRO,24647949,1156,7,133,0,1*6D
$PSTM3DGYRO,24716301,264,-83,74,0,1*7E
$PSTM3DGYRO,24784413,182,-63,35,0,1*71
$PSTM3DGYRO,24852441,152,-30,32,0,1*7E
$PSTM3DGYRO,24920905,117,-33,18,0,1*7D
$PSTM3DGYRO,24988974,116,15,45,0,1*59
$PSTM3DGYRO,25057300,81,-21,49,0,1*43
$PSTM3DGYRO,25125327,65,-3,23,0,1*74
$PSTM3DGYRO,25193761,95,-9,26,0,1*7F
$PSTM3DGYRO,25261863,63,-8,-28,0,1*57
$PSTM3DGYRO,25329982,46,0,38,0,1*5A
$PSTM3DGYRO,25398175,48,4,21,0,1*52
$PSTM3DGYRO,25466349,70,14,20,0,1*62
$PSTM3DGYRO,25534604,34,-4,3,0,1*45
$PSTM3DGYRO,25602832,30,2,18,0,1*5D
$PSTM3DGYRO,25671160,60,-10,-9,0,1*51
$PSTM3DGYRO,25739466,34,-1,-9,0,1*6E
$PSTMDRGPS,19.033659342,-98.314925692,0.00000,0.00000,99.000,99.000,99.000,0.000,0.000,0.00000*56
$GPRMC,215011.000,V,1902.0196,N,09818.8955,W,0.0,0.0,100816,,,E*6A
$GPGGA,215011.000,1902.0196,N,09818.8955,W,0,00,99.0,2172.07,M,-9.1,M,,*60
$GPVTG,0.0,T,,M,0.0,N,0.0,K,E*09
$GNGSA,A,1,,,,,,,,,,,,,99.0,99.0,99.0*1E
$GNGSA,A,1,,,,,,,,,,,,,99.0,99.0,99.0*1E
$GPGSV,3,1,11,02,35,034,,05,73,030,,06,04,063,,12,62,228,*72
$GPGSV,3,2,11,13,24,140,,19,14,112,,20,50,230,,21,05,272,*71
$GPGSV,3,3,11,24,06,201,,25,45,293,,29,25,328,,,,,*41
$GLGSV,3,1,10,76,20,252,,75,07,197,,65,11,198,,70,09,028,*6D
$GLGSV,3,2,10,86,38,020,,77,10,301,,87,13,325,,85,23,081,*6D
$GLGSV,3,3,10,71,56,051,,72,58,173,,,,,,,,,*68
$PSTM3DACC,25737984,48,-144,16160*0D
$PSTM3DACC,25806035,16,-144,16128*04
$PSTM3DACC,25874331,64,-80,16112*33
$PSTM3DACC,25942501,16,-112,16112*0D
$PSTM3DACC,26010636,32,-96,16128*35
$PSTM3DACC,26078932,80,-128,16128*0D
$PSTM3DACC,26147244,16,-96,16128*31
$PSTM3DGYRO,25807427,28,-9,17,0,1*7E
$PSTM3DGYRO,25875802,45,-4,-7,0,1*6A
$PSTM3DGYRO,25943861,28,1,-249,0,1*40
$PSTM3DGYRO,26012023,53,-28,26,0,1*4C
$PSTM3DGYRO,26080345,8,32,-31,0,1*77
$PSTM3DGYRO,26148659,25,1,-2,0,1*45
$PSTMDRGPS,19.033659342,-98.314925692,0.00000,0.00000,99.000,99.000,99.000,0.000,0.000,0.00000*56
$GPRMC,215012.000,V,1902.0196,N,09818.8955,W,0.0,0.0,100816,,,E*69
$GPGGA,215012.000,1902.0196,N,09818.8955,W,0,00,99.0,2172.07,M,-9.1,M,,*63
$GPVTG,0.0,T,,M,0.0,N,0.0,K,E*09
$GNGSA,A,1,,,,,,,,,,,,,99.0,99.0,99.0*1E
$GNGSA,A,1,,,,,,,,,,,,,99.0,99.0,99.0*1E
$GPGSV,3,1,11,02,35,034,,05,73,030,,06,04,063,,12,62,228,*72
$GPGSV,3,2,11,13,24,140,,19,14,112,,20,50,230,,21,05,272,*71
$GPGSV,3,3,11,24,06,201,,25,45,293,,29,25,328,,,,,*41
$GLGSV,3,1,10,76,20,252,,75,07,197,,65,11,198,,70,09,028,*6D
$GLGSV,3,2,10,86,38,020,,77,10,301,,87,13,325,,85,23,081,*6D
$GLGSV,3,3,10,71,56,051,,72,58,173,,,,,,,,,*68
$PSTM3DACC,26215589,64,-112,16144*01
$PSTM3DACC,26283449,48,-80,16080*3E
$PSTM3DACC,26351556,16,-112,16128*0D
$PSTM3DACC,26420104,48,-144,16256*0D
$PSTM3DACC,26488139,32,-96,16144*32
$PSTM3DACC,26556375,0,-144,16112*36
$PSTM3DACC,26632465,16,-176,16192*0F
$PSTM3DACC,26692567,32,-112,16128*03
$PSTM3DACC,26760836,96,-96,16096*31
$PSTM3DACC,26833933,64,-160,16112*04
$PSTM3DACC,26897160,64,-128,16144*0B
$PSTM3DACC,26972378,16,-80,16128*36
$PSTM3DACC,27033723,48,-96,16192*3C
$PSTM3DACC,27101790,64,-112,16128*06
$PSTM3DACC,27170098,32,-112,16240*01
$PSTM3DGYRO,26217016,45,17,-12,0,1*41
$PSTM3DGYRO,26284811,29,-31,13,0,1*4B
$PSTM3DGYRO,26352885,36,24,-33,0,1*44
$PSTM3DGYRO,26421546,19,-5,-26,0,1*52
$PSTM3DGYRO,26489539,17,15,-21,0,1*4D
$PSTM3DGYRO,26557753,30,28,-3,0,1*7A
$PSTM3DGYRO,26638198,31,-5,-21,0,1*52
$PSTM3DGYRO,26693931,8,10,-13,0,1*7A
$PSTM3DGYRO,26762197,26,-4,-16,0,1*50
$PSTM3DGYRO,26839694,27,16,-1,0,1*7C
$PSTM3DGYRO,26898519,-8,-1,-6,0,1*7D
$PSTM3DGYRO,26978123,9,29,9,0,1*66
$PSTM3DGYRO,27035106,33,17,26,0,1*69
$PSTM3DGYRO,27103138,40,12,-7,0,1*7F
$PSTM3DGYRO,27171496,11,-1,-21,0,1*54
$PSTMDRGPS,19.033659342,-98.314925692,0.00000,0.00000,99.000,99.000,99.000,0.000,0.000,0.00000*56
$GPRMC,215013.010,V,1902.0196,N,09818.8955,W,0.0,0.0,100816,,,E*69
$GPGGA,215013.010,1902.0196,N,09818.8955,W,0,00,99.0,2172.07,M,-9.1,M,,*63
$GPVTG,0.0,T,,M,0.0,N,0.0,K,E*09
$GNGSA,A,1,,,,,,,,,,,,,99.0,99.0,99.0*1E
$GNGSA,A,1,,,,,,,,,,,,,99.0,99.0,99.0*1E
$GPGSV,3,1,11,02,35,034,,05,73,030,,06,04,063,,12,62,228,*72
$GPGSV,3,2,11,13,24,140,,19,14,112,,20,50,230,,21,05,272,*71
$GPGSV,3,3,11,24,06,201,,25,45,293,,29,25,328,,,,,*41
$GLGSV,3,1,10,76,20,252,,75,07,197,,65,11,198,,70,09,028,*6D
$GLGSV,3,2,10,86,38,020,,77,10,301,,87,13,325,,85,23,081,*6D
$GLGSV,3,3,10,71,56,051,,72,58,173,,,,,,,,,*68
$PSTM3DACC,27238383,48,-80,16128*3D
$PSTM3DACC,27306494,16,-32,16176*39
$PSTM3DACC,27374735,48,-112,16128*07
$PSTM3DACC,27442831,64,-112,16144*0A
$PSTM3DACC,27511044,16,-128,16192*00
$PSTM3DACC,27579209,64,-96,16128*35
$PSTM3DACC,27647583,80,-144,16080*09
$PSTM3DACC,27715645,32,-112,16064*06
$PSTM3DACC,27790198,0,-64,16144*0E
$PSTM3DACC,27860623,64,-128,16128*08
$PSTM3DACC,27920186,32,-64,16144*35
$PSTM3DACC,27988944,0,-144,16128*39
$PSTM3DACC,28062138,48,-96,16128*3A
$PSTM3DACC,28124799,80,-144,16176*05
$PSTM3DACC,28202868,48,-144,16160*00
$PSTM3DGYRO,27239821,57,-8,-4,0,1*67
$PSTM3DGYRO,27307877,19,236,0,0,1*69
$PSTM3DGYRO,27376117,14,2,-22,0,1*75
$PSTM3DGYRO,27444226,9,7,-2,0,1*79
$PSTM3DGYRO,27512401,22,-18,-32,0,1*61
$PSTM3DGYRO,27580534,-16,-21,-8,0,1*74
$PSTM3DGYRO,27648976,22,8,-11,0,1*7D
$PSTM3DGYRO,27717006,7,-18,-46,0,1*51
$PSTM3DGYRO,27795944,19,39,-14,0,1*42
$PSTM3DGYRO,27866388,30,21,-34,0,1*4B
$PSTM3DGYRO,27921516,21,14,-51,0,1*4D
$PSTM3DGYRO,27990322,23,12,-24,0,1*40
$PSTM3DGYRO,28067874,22,31,-33,0,1*40
$PSTM3DGYRO,28126129,38,-18,-25,0,1*6F
$PSTM3DGYRO,28204266,5,0,-2,0,1*7B
$PSTM3DGYRO,28264279,20,2,30,0,1*5A
$PSTMDRGPS,19.033659342,-98.314925692,0.00000,0.00000,99.000,99.000,99.000,0.000,0.000,0.00000*56
$GPRMC,215014.000,V,1902.0196,N,09818.8955,W,0.0,0.0,100816,,,E*6F
$GPGGA,215014.000,1902.0196,N,09818.8955,W,0,00,99.0,2172.07,M,-9.1,M,,*65
$GPVTG,0.0,T,,M,0.0,N,0.0,K,E*09
$GNGSA,A,1,,,,,,,,,,,,,99.0,99.0,99.0*1E
$GNGSA,A,1,,,,,,,,,,,,,99.0,99.0,99.0*1E
$GPGSV,3,1,11,02,35,034,,05,73,030,,06,04,063,,12,62,228,*72
$GPGSV,3,2,11,13,24,140,,19,14,112,,20,50,230,,21,05,272,*71
$GPGSV,3,3,11,24,06,201,,25,45,293,,29,25,328,,,,,*41
$GLGSV,3,1,10,76,20,252,,75,07,197,,65,11,198,,70,09,028,*6D
$GLGSV,3,2,10,86,38,020,,77,10,301,,87,13,325,,85,23,081,*6D
$GLGSV,3,3,10,71,56,051,,72,58,173,,,,,,,,,*68
$PSTM3DACC,28262863,32,-64,16176*34
$PSTM3DACC,28329530,0,-128,16176*39
$PSTM3DACC,28397673,16,-144,16064*07
$PSTM3DACC,28466053,16,-144,16144*09
$PSTM3DACC,28534059,16,-96,16144*3B
$PSTM3DACC,28602297,80,-80,16080*3C
$PSTM3DACC,28670422,16,-144,16128*04
$PSTM3DACC,28738609,48,-96,16144*3D
$PSTM3DACC,28806853,16,-64,16144*38
$PSTM3DACC,28875068,32,-112,16144*0A
$PSTM3DACC,28949244,80,-128,16128*02
$PSTM3DACC,29017027,48,-112,16144*01
$PSTM3DACC,29087518,48,-96,16112*3F
$PSTM3DACC,29153367,48,-112,16128*0D
$PSTM3DACC,29221068,64,-144,16080*09
$PSTM3DGYRO,28330940,-8,10,-3,0,1*62
$PSTM3DGYRO,28399003,12,0,9,0,1*6F
$PSTM3DGYRO,28467458,5,9,-27,0,1*4D
$PSTM3DGYRO,28535429,19,25,-2,0,1*79
$PSTM3DGYRO,28603649,8,-2,7,0,1*7B
$PSTM3DGYRO,28671751,4,18,7,0,1*6C
$PSTM3DGYRO,28739933,13,16,-23,0,1*48
$PSTM3DGYRO,28808191,22,16,-17,0,1*40
$PSTM3DGYRO,28876437,-10,10,-37,0,1*68
$PSTM3DGYRO,28955002,28,21,-19,0,1*42
$PSTM3DGYRO,29018378,53,17,-8,0,1*74
$PSTM3DGYRO,29093245,-4,-21,-39,0,1*7D
$PSTM3DGYRO,29154746,17,27,-22,0,1*4F
$PSTM3DGYRO,29222465,5,0,-30,0,1*4A
$PSTMDRGPS,19.033659342,-98.314925692,0.00000,0.00000,99.000,99.000,99.000,0.000,0.000,0.00000*56
$GPRMC,215015.010,V,1902.0196,N,09818.8955,W,0.0,0.0,100816,,,E*6F
$GPGGA,215015.010,1902.0196,N,09818.8955,W,0,00,99.0,2172.07,M,-9.1,M,,*65
$GPVTG,0.0,T,,M,0.0,N,0.0,K,E*09
$GNGSA,A,1,,,,,,,,,,,,,99.0,99.0,99.0*1E
$GNGSA,A,1,,,,,,,,,,,,,99.0,99.0,99.0*1E
$GPGSV,3,1,11,02,35,034,,05,73,030,,06,04,063,,12,62,228,*72
$GPGSV,3,2,11,13,24,140,,19,14,112,,20,50,230,,21,05,272,*71
$GPGSV,3,3,11,24,06,201,,25,45,293,,29,25,328,,,,,*41
$GLGSV,3,1,10,76,20,252,,75,07,197,,65,11,198,,70,09,028,*6D
$GLGSV,3,2,10,86,38,020,,77,10,301,,87,13,325,,85,23,081,*6D
$GLGSV,3,3,10,71,56,051,,72,58,173,,,,,,,,,*68
$PSTM3DACC,29284456,64,-144,16096*08
$PSTM3DACC,29357997,0,-112,16080*31
$PSTM3DACC,29428818,48,-80,16176*36
$PSTM3DACC,29489008,80,-64,16128*31
$PSTM3DACC,29557176,80,-144,16144*02
$PSTM3DACC,29625296,64,-80,16128*30
$PSTM3DACC,29693462,32,-112,16144*03
$PSTM3DACC,29761640,48,-80,16128*30
$PSTM3DACC,29829865,64,-128,16128*07
$PSTM3DACC,29898148,0,-96,16064*04
$PSTM3DACC,29966268,64,-112,16128*03
$PSTM3DACC,30034488,16,-64,16128*38
$PSTM3DACC,30102765,16,-96,16144*3B
$PSTM3DACC,30179913,80,-96,16112*34
$PSTM3DACC,30239223,-32,-112,16096*2F
$PSTM3DGYRO,29290446,33,-18,-31,0,1*62
$PSTM3DGYRO,29359344,37,13,-1,0,1*72
$PSTM3DGYRO,29430165,25,18,-20,0,1*40
$PSTM3DGYRO,29490383,9,-9,-7,0,1*56
$PSTM3DGYRO,29558559,3,19,-7,0,1*44
$PSTM3DGYRO,29626661,22,5,-5,0,1*4A
$PSTM3DGYRO,29694787,16,19,2,0,1*5A
$PSTM3DGYRO,29762966,19,6,-10,0,1*7C
$PSTM3DGYRO,29831208,24,17,2,0,1*56
$PSTM3DGYRO,29899514,31,32,52,0,1*68
$PSTM3DGYRO,29967593,-23,-9,5,0,1*6E
$PSTM3DGYRO,30035859,-3,12,-28,0,1*54
$PSTM3DGYRO,30104103,8,15,-22,0,1*7A
$PSTM3DGYRO,30185629,32,-14,-24,0,1*6F
$PSTM3DGYRO,30240650,26,-14,-9,0,1*51
$PSTMDRGPS,19.033659342,-98.314925692,0.00000,0.00000,99.000,99.000,99.000,0.000,0.000,0.00000*56
$GPRMC,215016.000,V,1902.0196,N,09818.8955,W,0.0,0.0,100816,,,E*6D
$GPGGA,215016.000,1902.0196,N,09818.8955,W,0,00,99.0,2172.07,M,-9.1,M,,*67
$GPVTG,0.0,T,,M,0.0,N,0.0,K,E*09
$GNGSA,A,1,,,,,,,,,,,,,99.0,99.0,99.0*1E
$GNGSA,A,1,,,,,,,,,,,,,99.0,99.0,99.0*1E
$GPGSV,3,1,11,02,35,034,,05,73,030,,06,04,063,,12,62,228,*72
$GPGSV,3,2,11,13,24,140,,19,14,112,,20,50,230,,21,05,272,*71
$GPGSV,3,3,11,24,06,201,,25,45,293,,29,25,328,,,,,*41
$GLGSV,3,1,10,76,20,252,,75,07,197,,65,11,198,,70,09,028,*6D
$GLGSV,3,2,10,86,38,020,,77,10,301,,87,13,325,,85,23,081,*6D
$GLGSV,3,3,10,71,56,051,,72,58,173,,,,,,,,,*68
$PSTM3DACC,30317095,48,-112,16144*03
$PSTM3DACC,30383087,16,-48,16160*3E
$PSTM3DACC,30445937,48,-112,16080*0B
$PSTM3DACC,30518128,0,-128,16128*32
$PSTM3DACC,30580836,48,-112,16128*00
$PSTM3DACC,30650600,32,-144,16096*0F
$PSTM3DACC,30716482,64,-144,16160*0F
$PSTM3DACC,30784676,64,-96,16144*35
$PSTM3DACC,30852880,32,-112,16128*02
$PSTM3DACC,30921141,32,-96,16144*34
$PSTM3DACC,30989343,48,-64,16096*38
$PSTM3DACC,31057528,16,-96,16128*3A
$PSTM3DACC,31125716,96,-112,16128*04
$PSTM3DACC,31193887,48,-112,16144*07
$PSTM3DACC,31262205,64,-96,16128*33
$PSTM3DGYRO,30322957,17,-12,25,0,1*4B
$PSTM3DGYRO,30388808,19,-9,-35,0,1*58
$PSTM3DGYRO,30447266,-2,4,-34,0,1*68
$PSTM3DGYRO,30523914,14,1,17,0,1*56
$PSTM3DGYRO,30582228,-12,13,-1,0,1*5B
$PSTM3DGYRO,30651938,1,9,-20,0,1*4B
$PSTM3DGYRO,30717817,10,25,-7,0,1*7F
$PSTM3DGYRO,30785997,13,4,-29,0,1*71
$PSTM3DGYRO,30854232,-3,6,-9,0,1*5A
$PSTM3DGYRO,30922502,13,43,-13,0,1*48
$PSTM3DGYRO,30990718,1,27,-23,0,1*7A
$PSTM3DGYRO,31058898,23,35,-34,0,1*44
$PSTM3DGYRO,31127059,-2,6,-20,0,1*63
$PSTM3DGYRO,31195227,13,28,-15,0,1*46
$PSTM3DGYRO,31263616,5,-11,-17,0,1*58
$PSTMDRGPS,19.033659342,-98.314925692,0.00000,0.00000,99.000,99.000,99.000,0.000,0.000,0.00000*56
$GPRMC,215017.000,V,1902.0196,N,09818.8955,W,0.0,0.0,100816,,,E*6C
$GPGGA,215017.000,1902.0196,N,09818.8955,W,0,00,99.0,2172.07,M,-9.1,M,,*66
$GPVTG,0.0,T,,M,0.0,N,0.0,K,E*09
$GNGSA,A,1,,,,,,,,,,,,,99.0,99.0,99.0*1E
$GNGSA,A,1,,,,,,,,,,,,,99.0,99.0,99.0*1E
$GPGSV,3,1,11,02,35,034,,05,73,030,,06,04,063,,12,62,228,*72
$GPGSV,3,2,11,13,24,140,,19,14,112,,20,50,230,,21,05,272,*71
$GPGSV,3,3,11,24,06,201,,25,45,293,,29,25,328,,,,,*41
$GLGSV,3,1,10,76,20,252,,75,07,197,,65,11,198,,70,09,028,*6D
$GLGSV,3,2,10,86,38,020,,77,10,301,,87,13,325,,85,23,081,*6D
$GLGSV,3,3,10,71,56,051,,72,58,173,,,,,,,,,*68
$PSTM3DACC,31330475,32,-112,16160*06
$PSTM3DACC,31398738,80,-96,16160*3A
$PSTM3DACC,31474175,48,-112,16160*09
$PSTM3DACC,31540350,64,-128,16160*0D
$PSTM3DACC,31603553,64,-128,16144*0A
$PSTM3DACC,31672941,96,-96,16128*30
$PSTM3DACC,31743810,32,-96,16096*3C
$PSTM3DACC,31813878,16,-96,16160*36
$PSTM3DACC,31875964,16,-112,16144*01
$PSTM3DACC,31944127,32,-128,16080*0B
$PSTM3DACC,32012315,16,-144,16128*0E
$PSTM3DACC,32080610,0,-96,16144*06
$PSTM3DACC,32148760,64,-96,16160*31
$PSTM3DACC,32216925,48,-64,16128*39
$PSTM3DACC,32285288,96,-144,16112*06
$PSTM3DGYRO,31331903,29,-3,32,0,1*72
$PSTM3DGYRO,31400127,1,21,1,0,1*6E
$PSTM3DGYRO,31479925,-10,19,13,0,1*4F
$PSTM3DGYRO,31546160,-2,19,-15,0,1*53
$PSTM3DGYRO,31604900,-7,14,11,0,1*79
$PSTM3DGYRO,31674321,44,14,-21,0,1*43
$PSTM3DGYRO,31745198,2,9,-17,0,1*4B
$PSTM3DGYRO,31815212,13,17,-14,0,1*4C
$PSTM3DGYRO,31877309,6,11,-34,0,1*73
$PSTM3DGYRO,31945457,40,18,-11,0,1*43
$PSTM3DGYRO,32013640,13,17,-19,0,1*4F
$PSTM3DGYRO,32081966,15,19,-23,0,1*4E
$PSTM3DGYRO,32150116,21,16,-2,0,1*77
$PSTM3DGYRO,32218264,11,6,-15,0,1*7A
$PSTM3DGYRO,32286698,34,9,4,0,1*6F
$PSTMDRGPS,19.033659342,-98.314925692,0.00000,0.00000,99.000,99.000,99.000,0.000,0.000,0.00000*56
$GPRMC,215018.000,V,1902.0196,N,09818.8955,W,0.0,0.0,100816,,,E*63
$GPGGA,215018.000,1902.0196,N,09818.8955,W,0,00,99.0,2172.07,M,-9.1,M,,*69
$GPVTG,0.0,T,,M,0.0,N,0.0,K,E*09
$GNGSA,A,1,,,,,,,,,,,,,99.0,99.0,99.0*1E
$GNGSA,A,1,,,,,,,,,,,,,99.0,99.0,99.0*1E
$GPGSV,3,1,11,02,35,034,,05,73,030,,06,04,063,,12,62,228,*72
$GPGSV,3,2,11,13,24,140,,19,14,112,,20,50,230,,21,05,272,*71
$GPGSV,3,3,11,24,06,201,,25,45,293,,29,25,328,,,,,*41
$GLGSV,3,1,10,76,20,252,,75,07,197,,65,11,198,,70,09,028,*6D
$GLGSV,3,2,10,86,38,020,,77,10,301,,87,13,325,,85,23,081,*6D
$GLGSV,3,3,10,71,56,051,,72,58,173,,,,,,,,,*68
$PSTM3DACC,32353519,64,-128,16160*01
$PSTM3DACC,32421649,32,-128,16144*00
$PSTM3DACC,32496313,32,-64,16096*31
$PSTM3DACC,32562879,16,-144,16208*0C
$PSTM3DACC,32630805,0,-80,16144*06
$PSTM3DACC,32701362,48,-112,16144*09
$PSTM3DACC,32768771,16,-144,16144*08
$PSTM3DACC,32835242,32,-112,16208*04
$PSTM3DACC,32906175,64,-144,16144*09
$PSTM3DACC,32967143,16,-96,16128*3A
$PSTM3DACC,33035346,112,-96,16160*0B
$PSTM3DACC,33103606,0,-112,16112*34
$PSTM3DACC,33171786,96,-96,16112*3A
$PSTM3DACC,33239976,16,-96,16144*3F
$PSTM3DACC,33308302,32,-64,16096*30
$PSTM3DGYRO,32354950,12,11,15,0,1*67
$PSTM3DGYRO,32423067,-2,31,14,0,1*72
$PSTM3DGYRO,32497664,26,13,-1,0,1*7A
$PSTM3DGYRO,32568755,40,25,-11,0,1*4C
$PSTM3DGYRO,32632156,20,3,5,0,1*6F
$PSTM3DGYRO,32707085,-7,16,-34,0,1*54
$PSTM3DGYRO,32770163,-9,-8,1,0,1*5A
$PSTM3DGYRO,32841032,14,-4,-26,0,1*57
$PSTM3DGYRO,32911883,-9,5,-38,0,1*63
$PSTM3DGYRO,32968468,14,-7,-8,0,1*69
$PSTM3DGYRO,33036673,36,-8,-28,0,1*5F
$PSTM3DGYRO,33104963,14,-13,-5,0,1*54
$PSTM3DGYRO,33173129,-20,15,24,0,1*4D
$PSTM3DGYRO,33241309,34,18,-23,0,1*40
$PSTM3DGYRO,33309728,11,22,4,0,1*5C
$PSTMDRGPS,19.033659342,-98.314925692,0.00000,0.00000,99.000,99.000,99.000,0.000,0.000,0.00000*56
$GPRMC,215019.000,V,1902.0196,N,09818.8955,W,0.0,0.0,100816,,,E*62
$GPGGA,215019.000,1902.0196,N,09818.8955,W,0,00,99.0,2172.07,M,-9.1,M,,*68
$GPVTG,0.0,T,,M,0.0,N,0.0,K,E*09
$GNGSA,A,1,,,,,,,,,,,,,99.0,99.0,99.0*1E
$GNGSA,A,1,,,,,,,,,,,,,99.0,99.0,99.0*1E
$GPGSV,3,1,11,02,35,034,,05,73,030,,06,04,063,,12,62,228,*72
$GPGSV,3,2,11,13,24,140,,19,14,112,,20,50,230,,21,05,272,*71
$GPGSV,3,3,11,24,06,201,,25,45,293,,29,25,328,,,,,*41
$GLGSV,3,1,10,76,20,252,,75,07,197,,65,11,198,,70,09,028,*6D
$GLGSV,3,2,10,86,38,020,,77,10,301,,87,13,325,,85,23,081,*6D
$GLGSV,3,3,10,71,56,051,,72,58,173,,,,,,,,,*68
$PSTM3DACC,33376562,32,-96,16144*3A
$PSTM3DACC,33444678,16,-144,16096*02
$PSTM3DACC,33512790,64,-112,16096*01
$PSTM3DACC,33581015,80,-112,16192*0E
$PSTM3DACC,33655738,48,-112,16128*09
$PSTM3DACC,33726049,64,-112,16128*03
$PSTM3DACC,33785560,48,-128,16128*03
$PSTM3DACC,33853861,64,-128,16144*0F
$PSTM3DACC,33922501,32,-144,16128*00
$PSTM3DACC,33997749,0,-96,16144*05
$PSTM3DACC,34062900,0,-160,16096*34
$PSTM3DACC,34126587,32,-112,16128*06
$PSTM3DACC,34194877,16,-144,16144*02
$PSTM3DACC,34263031,48,-128,16096*0C
$PSTM3DACC,34331318,48,-128,16144*0C
$PSTM3DGYRO,33377978,-16,-22,250,0,1*5A
$PSTM3DGYRO,33446084,28,-8,14,0,1*7F
$PSTM3DGYRO,33514154,8,23,-9,0,1*42
$PSTM3DGYRO,33582367,0,4,-10,0,1*4A
$PSTM3DGYRO,33661457,17,-23,-23,0,1*6E
$PSTM3DGYRO,33731761,-19,-6,2,0,1*66
$PSTM3DGYRO,33786887,40,29,-27,0,1*46
$PSTM3DGYRO,33855218,16,3,-18,0,1*7C
$PSTM3DGYRO,33923867,19,-11,-61,0,1*61
$PSTM3DGYRO,34003483,25,6,-4,0,1*4C
$PSTM3DGYRO,34068605,-9,6,9,0,1*7E
$PSTM3DGYRO,34127922,-5,16,-29,0,1*5C
$PSTM3DGYRO,34196296,24,14,-2,0,1*77
$PSTM3DGYRO,34264379,31,9,18,0,1*57
$PSTM3DGYRO,34332755,-15,-6,19,0,1*57
$PSTMDRGPS,19.033659342,-98.314925692,0.00000,0.00000,99.000,99.000,99.000,0.000,0.000,0.00000*56
$GPRMC,215020.000,V,1902.0196,N,09818.8955,W,0.0,0.0,100816,,,E*68
$GPGGA,215020.000,1902.0196,N,09818.8955,W,0,00,99.0,2172.07,M,-9.1,M,,*62
$GPVTG,0.0,T,,M,0.0,N,0.0,K,E*09
$GNGSA,A,1,,,,,,,,,,,,,99.0,99.0,99.0*1E
$GNGSA,A,1,,,,,,,,,,,,,99.0,99.0,99.0*1E
$GPGSV,3,1,11,02,35,034,,05,73,030,,06,04,063,,12,62,228,*72
$GPGSV,3,2,11,13,24,140,,19,14,112,,20,50,230,,21,05,272,*71
$GPGSV,3,3,11,24,06,201,,25,45,293,,29,25,328,,,,,*41
$GLGSV,3,1,10,76,20,252,,75,07,197,,65,11,198,,70,09,028,*6D
$GLGSV,3,2,10,86,38,020,,77,10,301,,87,13,325,,85,23,081,*6D
$GLGSV,3,3,10,71,56,051,,72,58,173,,,,,,,,,*68
$PSTM3DACC,34399622,64,-96,16128*32
$PSTM3DACC,34467696,48,-96,16112*3C
$PSTM3DACC,34535789,32,-48,16128*32
$PSTM3DACC,34604216,32,-112,16144*04
$PSTM3DACC,34672247,48,-112,16160*0A
$PSTM3DACC,34746005,48,-96,16192*38
$PSTM3DACC,34815218,48,-80,16160*35
$PSTM3DACC,34884325,16,-96,16160*3E
$PSTM3DACC,34949187,64,-80,16144*30
$PSTM3DACC,35022302,48,-80,16144*34
$PSTM3DACC,35086473,32,-112,16128*06
$PSTM3DACC,35156127,16,-112,16144*02
$PSTM3DACC,35217827,96,-144,16096*08
$PSTM3DACC,35286013,32,-80,16160*30
$PSTM3DACC,35354339,64,-112,16144*0A
$PSTM3DGYRO,34401033,12,22,-21,0,1*40
$PSTM3DGYRO,34469084,15,20,-31,0,1*46
$PSTM3DGYRO,34537110,37,29,6,0,1*50
$PSTM3DGYRO,34605652,1,-16,-10,0,1*5D
$PSTM3DGYRO,34673577,37,-3,-14,0,1*5D
$PSTM3DGYRO,34751750,-9,4,-7,0,1*53
$PSTM3DGYRO,34820923,2,19,-59,0,1*71
$PSTM3DGYRO,34890014,31,11,-15,0,1*47
$PSTM3DGYRO,34955175,19,-11,14,0,1*42
$PSTM3DGYRO,35028140,-11,10,0,0,1*7A
$PSTM3DGYRO,35092169,6,14,-35,0,1*74
$PSTM3DGYRO,35161858,-1,26,7,0,1*45
$PSTM3DGYRO,35219162,-16,7,5,0,1*4E
$PSTM3DGYRO,35287366,27,8,-12,0,1*74
$PSTM3DGYRO,35355741,-7,21,-20,0,1*5E
$PSTMDRGPS,19.033659342,-98.314925692,0.00000,0.00000,99.000,99.000,99.000,0.000,0.000,0.00000*56
$GPRMC,215021.000,V,1902.0196,N,09818.8955,W,0.0,0.0,100816,,,E*69
$GPGGA,215021.000,1902.0196,N,09818.8955,W,0,00,99.0,2172.07,M,-9.1,M,,*63
$GPVTG,0.0,T,,M,0.0,N,0.0,K,E*09
$GNGSA,A,1,,,,,,,,,,,,,99.0,99.0,99.0*1E
$GNGSA,A,1,,,,,,,,,,,,,99.0,99.0,99.0*1E
$GPGSV,3,1,11,02,35,034,,05,73,030,,06,04,063,,12,62,228,*72
$GPGSV,3,2,11,13,24,140,,19,14,112,,20,50,230,,21,05,272,*71
$GPGSV,3,3,11,24,06,201,,25,45,293,,29,25,328,,,,,*41
$GLGSV,3,1,10,76,20,252,,75,07,197,,65,11,198,,70,09,028,*6D
$GLGSV,3,2,10,86,38,020,,77,10,301,,87,13,325,,85,23,081,*6D
$GLGSV,3,3,10,71,56,051,,72,58,173,,,,,,,,,*68
$PSTM3DACC,35422586,64,-112,16176*0F
$PSTM3DACC,35490639,32,-144,16192*0B
$PSTM3DACC,35558877,64,-96,16160*3A
$PSTM3DACC,35627114,64,-80,16128*36
$PSTM3DACC,35695232,48,-128,16128*05
$PSTM3DACC,35763411,16,-128,16112*08
$PSTM3DACC,35831680,32,-128,16096*01
$PSTM3DACC,35899824,32,-96,16128*33
$PSTM3DACC,35968052,64,-96,16208*37
$PSTM3DACC,36036215,16,-160,16160*07
$PSTM3DACC,36104554,-16,-112,16128*21
$PSTM3DACC,36172709,0,-160,16112*3C
$PSTM3DACC,36240848,64,-96,16128*37
$PSTM3DACC,36309028,0,-112,16080*39
$PSTM3DACC,36377417,0,-96,16064*0F
$PSTM3DGYRO,35423987,7,16,-24,0,1*71
$PSTM3DGYRO,35492012,11,14,-16,0,1*4A
$PSTM3DGYRO,35560221,10,-22,-7,0,1*5D
$PSTM3DGYRO,35628456,31,4,18,0,1*5D
$PSTM3DGYRO,35696587,6,-13,31,0,1*71
$PSTM3DGYRO,35764737,-9,13,-2,0,1*66
$PSTM3DGYRO,35833044,1,-7,-13,0,1*65
$PSTM3DGYRO,35901144,-10,1,9,0,1*44
$PSTM3DGYRO,35969368,-5,19,16,0,1*75
$PSTM3DGYRO,36037530,38,-4,-15,0,1*53
$PSTM3DGYRO,36105928,4,1,17,0,1*6E
$PSTM3DGYRO,36174060,34,6,-14,0,1*77
$PSTM3DGYRO,36242201,6,1,3,0,1*59
$PSTM3DGYRO,36310366,-16,25,-48,0,1*67
$PSTM3DGYRO,36378829,-12,4,5,0,1*4A
$PSTMDRGPS,19.033659342,-98.314925692,0.00000,0.00000,99.000,99.000,99.000,0.000,0.000,0.00000*56
$GPRMC,215022.000,V,1902.0196,N,09818.8955,W,0.0,0.0,100816,,,E*6A
$GPGGA,215022.000,1902.0196,N,09818.8955,W,0,00,99.0,2172.07,M,-9.1,M,,*60
$GPVTG,0.0,T,,M,0.0,N,0.0,K,E*09
$GNGSA,A,1,,,,,,,,,,,,,99.0,99.0,99.0*1E
$GNGSA,A,1,,,,,,,,,,,,,99.0,99.0,99.0*1E
$GPGSV,3,1,11,02,35,034,,05,73,030,,06,04,063,,12,62,228,*72
$GPGSV,3,2,11,13,24,140,,19,14,112,,20,50,230,,21,05,272,*71
$GPGSV,3,3,11,24,06,201,,25,45,293,,29,25,328,,,,,*41
$GLGSV,3,1,10,76,20,252,,75,07,197,,65,11,198,,70,09,028,*6D
$GLGSV,3,2,10,86,38,020,,77,10,301,,87,13,325,,85,23,081,*6D
$GLGSV,3,3,10,71,56,051,,72,58,173,,,,,,,,,*68
$PSTM3DACC,36445624,32,-64,16160*32
$PSTM3DACC,36513705,80,-128,16160*02
$PSTM3DACC,36581836,0,-96,16144*0C
$PSTM3DACC,36650276,80,-112,16096*06
$PSTM3DACC,36718308,32,-128,16224*08
$PSTM3DACC,36786441,64,-112,16128*00
$PSTM3DACC,36854640,64,-112,16208*02
$PSTM3DACC,36922900,64,-144,16160*07
$PSTM3DACC,36991061,32,-112,16144*07
$PSTM3DACC,37059245,16,-128,16128*0A
$PSTM3DACC,37127452,48,-80,16112*33
$PSTM3DACC,37195716,64,-144,16080*04
$PSTM3DACC,37263874,32,-128,16160*03
$PSTM3DACC,37332076,32,-112,16160*05
$PSTM3DACC,37400377,48,-96,16144*37
$PSTM3DGYRO,36447028,9,0,-3,0,1*70
$PSTM3DGYRO,36515049,21,-10,-10,0,1*65
$PSTM3DGYRO,36583147,7,-4,-26,0,1*61
$PSTM3DGYRO,36651678,-30,21,-15,0,1*65
$PSTM3DGYRO,36719655,21,7,8,0,1*6F
$PSTM3DGYRO,36787762,32,16,-11,0,1*4A
$PSTM3DGYRO,36855951,8,13,-15,0,1*7C
$PSTM3DGYRO,36924240,14,-8,5,0,1*46
$PSTM3DGYRO,36992382,-20,25,-1,0,1*55
$PSTM3DGYRO,37060562,28,8,-4,0,1*47
$PSTM3DGYRO,37128763,-10,-9,6,0,1*6C
$PSTM3DGYRO,37197065,-12,13,-23,0,1*67
$PSTM3DGYRO,37265209,-14,-13,14,0,1*63
$PSTM3DGYRO,37333388,19,17,-3,0,1*7B
$PSTM3DGYRO,37401775,-6,7,10,0,1*46
$PSTMDRGPS,19.033659342,-98.314925692,0.00000,0.00000,99.000,99.000,99.000,0.000,0.000,0.00000*56
$GPRMC,215023.000,V,1902.0196,N,09818.8955,W,0.0,0.0,100816,,,E*6B
$GPGGA,215023.000,1902.0196,N,09818.8955,W,0,00,99.0,2172.07,M,-9.1,M,,*61
$GPVTG,0.0,T,,M,0.0,N,0.0,K,E*09
$GNGSA,A,1,,,,,,,,,,,,,99.0,99.0,99.0*1E
$GNGSA,A,1,,,,,,,,,,,,,99.0,99.0,99.0*1E
$GPGSV,3,1,11,02,35,034,,05,73,030,,06,04,063,,12,62,228,*72
$GPGSV,3,2,11,13,24,140,,19,14,112,,20,50,230,,21,05,272,*71
$GPGSV,3,3,11,24,06,201,,25,45,293,,29,25,328,,,,,*41
$GLGSV,3,1,10,76,20,252,,75,07,197,,65,11,198,,70,09,028,*6D
$GLGSV,3,2,10,86,38,020,,77,10,301,,87,13,325,,85,23,081,*6D
$GLGSV,3,3,10,71,56,051,,72,58,173,,,,,,,,,*68
$PSTM3DACC,37468695,16,-144,16080*0C
$PSTM3DACC,37536723,48,-128,16128*08
$PSTM3DACC,37604892,16,-96,16160*3C
$PSTM3DACC,37673117,80,-112,16144*0C
$PSTM3DACC,37741367,32,-96,16096*33
$PSTM3DACC,37809486,32,-112,16144*0B
$PSTM3DACC,37877683,16,-112,16160*05
$PSTM3DACC,37945883,32,-144,16192*03
$PSTM3DACC,38014177,64,-128,16128*0B
$PSTM3DACC,38082345,80,-80,16128*3E
$PSTM3DACC,38150510,80,-96,16112*38
$PSTM3DACC,38218735,64,-112,16128*0C
$PSTM3DACC,38286967,64,-80,16144*32
$PSTM3DACC,38355092,48,-144,16176*08
$PSTM3DACC,38423425,32,-96,16160*32
$PSTM3DGYRO,37470097,10,1,6,0,1*60
$PSTM3DGYRO,37538079,42,17,-10,0,1*47
$PSTM3DGYRO,37606247,11,-2,-9,0,1*61
$PSTM3DGYRO,37674456,-7,0,8,0,1*7B
$PSTM3DGYRO,37742732,34,10,18,0,1*63
$PSTM3DGYRO,37810839,31,-23,-11,0,1*63
$PSTM3DGYRO,37879008,-3,10,-9,0,1*6E
$PSTM3DGYRO,37947195,22,29,-36,0,1*4F
$PSTM3DGYRO,38015589,-18,-22,-5,0,1*75
$PSTM3DGYRO,38083709,13,24,0,0,1*55
$PSTM3DGYRO,38151853,15,1,-4,0,1*43
$PSTM3DGYRO,38220078,-6,-4,-37,0,1*40
$PSTM3DGYRO,38288338,20,14,-10,0,1*45
$PSTM3DGYRO,38356422,26,34,-5,0,1*7B
$PSTM3DGYRO,38424857,-8,12,-10,0,1*56
$PSTMDRGPS,19.033659342,-98.314925692,0.00000,0.00000,99.000,99.000,99.000,0.000,0.000,0.00000*56
$GPRMC,215024.000,V,1902.0196,N,09818.8955,W,0.0,0.0,100816,,,E*6C
$GPGGA,215024.000,1902.0196,N,09818.8955,W,0,00,99.0,2172.07,M,-9.1,M,,*66
$GPVTG,0.0,T,,M,0.0,N,0.0,K,E*09
$GNGSA,A,1,,,,,,,,,,,,,99.0,99.0,99.0*1E
$GNGSA,A,1,,,,,,,,,,,,,99.0,99.0,99.0*1E
$GPGSV,3,1,11,02,35,034,,05,73,030,,06,04,063,,12,62,228,*72
$GPGSV,3,2,11,13,24,140,,19,14,112,,20,50,230,,21,05,272,*71
$GPGSV,3,3,11,24,06,201,,25,45,293,,29,25,328,,,,,*41
$GLGSV,3,1,10,76,20,252,,75,07,197,,65,11,198,,70,09,028,*6D
$GLGSV,3,2,10,86,38,020,,77,10,301,,87,13,325,,85,23,081,*6D
$GLGSV,3,3,10,71,56,051,,72,58,173,,,,,,,,,*68
$PSTM3DACC,38491747,48,-144,16128*03
$PSTM3DACC,38559814,16,-96,16128*3A
$PSTM3DACC,38627900,16,-112,16128*09
$PSTM3DACC,38696323,64,-112,16096*09
$PSTM3DACC,38764376,32,-96,16144*35
$PSTM3DACC,38832592,64,-112,16128*01
$PSTM3DACC,38900721,16,-80,16160*38
$PSTM3DACC,38968902,32,-112,16112*00
$PSTM3DACC,39037107,16,-80,16128*3A
$PSTM3DACC,39105428,32,-128,16112*0E
$PSTM3DACC,39173530,16,-272,16160*08
$PSTM3DACC,39241719,32,-80,16128*36
$PSTM3DACC,39309935,32,-144,16176*09
$PSTM3DACC,39378145,48,-128,16128*0C
$PSTM3DACC,39446427,16,-80,16128*3F
$PSTM3DGYRO,38493162,10,4,-23,0,1*76
$PSTM3DGYRO,38561161,5,8,-21,0,1*43
$PSTM3DGYRO,38629212,4,8,-61,0,1*4E
$PSTM3DGYRO,38697740,2,-9,9,0,1*70
$PSTM3DGYRO,38765728,19,-2,-14,0,1*52
$PSTM3DGYRO,38833949,17,3,-25,0,1*77
$PSTM3DGYRO,38902042,8,11,-23,0,1*7D
$PSTM3DGYRO,38970213,13,-8,-20,0,1*52
$PSTM3DGYRO,39038428,15,36,-2,0,1*7E
$PSTM3DGYRO,39106780,2,-10,-3,0,1*6D
$PSTM3DGYRO,39174851,11,27,-10,0,1*42
$PSTM3DGYRO,39243043,2,20,-27,0,1*7F
$PSTM3DGYRO,39311260,15,-4,-38,0,1*59
$PSTM3DGYRO,39379489,23,-2,-16,0,1*59
$PSTM3DGYRO,39447820,9,17,-8,0,1*42
$PSTMDRGPS,19.033659342,-98.314925692,0.00000,0.00000,99.000,99.000,99.000,0.000,0.000,0.00000*56
$GPRMC,215025.000,V,1902.0196,N,09818.8955,W,0.0,0.0,100816,,,E*6D
$GPGGA,215025.000,1902.0196,N,09818.8955,W,0,00,99.0,2172.07,M,-9.1,M,,*67
$GPVTG,0.0,T,,M,0.0,N,0.0,K,E*09
$GNGSA,A,1,,,,,,,,,,,,,99.0,99.0,99.0*1E
$GNGSA,A,1,,,,,,,,,,,,,99.0,99.0,99.0*1E
$GPGSV,3,1,11,02,35,034,,05,73,030,,06,04,063,,12,62,228,*72
$GPGSV,3,2,11,13,24,140,,19,14,112,,20,50,230,,21,05,272,*71
$GPGSV,3,3,11,24,06,201,,25,45,293,,29,25,328,,,,,*41
$GLGSV,3,1,10,76,20,252,,75,07,197,,65,11,198,,70,09,028,*6D
$GLGSV,3,2,10,86,38,020,,77,10,301,,87,13,325,,85,23,081,*6D
$GLGSV,3,3,10,71,56,051,,72,58,173,,,,,,,,,*68
$PSTM3DACC,39514713,80,-80,16160*3E
$PSTM3DACC,39582782,32,-80,16144*36
$PSTM3DACC,39650998,32,-96,16160*3E
$PSTM3DACC,39719226,80,-112,16144*0E
$PSTM3DACC,39787438,80,-96,16160*3B
$PSTM3DACC,39855527,32,-96,16096*35
$PSTM3DACC,39923873,16,-160,16144*09
$PSTM3DACC,39991949,48,-96,16144*3B
$PSTM3DACC,40060199,128,-112,16144*3D
$PSTM3DACC,40128348,48,-96,16160*32
$PSTM3DACC,40196603,64,-128,16080*08
$PSTM3DACC,40264782,0,-128,16128*3F
$PSTM3DACC,40332988,64,-144,16384*05
$PSTM3DACC,40401144,48,-80,16144*33
$PSTM3DACC,40469496,32,-128,16112*0A
$PSTM3DGYRO,39516114,-9,27,3,0,1*41
$PSTM3DGYRO,39584102,29,1,-10,0,1*79
$PSTM3DGYRO,39652355,9,24,-45,0,1*74
$PSTM3DGYRO,39720592,-9,0,-14,0,1*62
$PSTM3DGYRO,39788813,-3,38,-9,0,1*69
$PSTM3DGYRO,39856838,55,16,-13,0,1*45
$PSTM3DGYRO,39925242,0,6,-5,0,1*71
$PSTM3DGYRO,39993310,1,26,-21,0,1*7F
$PSTM3DGYRO,40061568,-5,22,3,0,1*4C
$PSTM3DGYRO,40129687,33,17,-6,0,1*75
$PSTM3DGYRO,40197971,6,5,-2,0,1*77
$PSTM3DGYRO,40266116,5,-15,-30,0,1*5D
$PSTM3DGYRO,40334322,6,4,-2,0,1*71
$PSTM3DGYRO,40402455,-3,-10,0,0,1*6B
$PSTM3DGYRO,40470884,25,11,-10,0,1*47
$PSTMDRGPS,19.033659342,-98.314925692,0.00000,0.00000,99.000,99.000,99.000,0.000,0.000,0.00000*56
$GPRMC,215026.000,V,1902.0196,N,09818.8955,W,0.0,0.0,100816,,,E*6E
$GPGGA,215026.000,1902.0196,N,09818.8955,W,0,00,99.0,2172.07,M,-9.1,M,,*64
$GPVTG,0.0,T,,M,0.0,N,0.0,K,E*09
$GNGSA,A,1,,,,,,,,,,,,,99.0,99.0,99.0*1E
$GNGSA,A,1,,,,,,,,,,,,,99.0,99.0,99.0*1E
$GPGSV,3,1,11,02,35,034,,05,73,030,,06,04,063,,12,62,228,*72
$GPGSV,3,2,11,13,24,140,,19,14,112,,20,50,230,,21,05,272,*71
$GPGSV,3,3,11,24,06,201,,25,45,293,,29,25,328,,,,,*41
$GLGSV,3,1,10,76,20,252,,75,07,197,,65,11,198,,70,09,028,*6D
$GLGSV,3,2,10,86,38,020,,77,10,301,,87,13,325,,85,23,081,*6D
$GLGSV,3,3,10,71,56,051,,72,58,173,,,,,,,,,*68
$PSTM3DACC,40537793,64,-144,16128*06
$PSTM3DACC,40605776,0,-80,16176*0F
$PSTM3DACC,40673956,64,-80,16160*37
$PSTM3DACC,40742395,0,-96,16096*0C
$PSTM3DACC,40810455,32,-160,16176*09
$PSTM3DACC,40878561,16,-176,16128*0B
$PSTM3DACC,40946764,48,-96,16096*30
$PSTM3DACC,41015003,48,-64,16144*3B
$PSTM3DACC,41083191,32,-144,16176*01
$PSTM3DACC,41151365,32,-144,16144*07
$PSTM3DACC,41219572,16,-64,16160*3B
$PSTM3DACC,41287809,48,-96,16128*37
$PSTM3DACC,41356003,32,-96,16128*35
$PSTM3DACC,41424177,16,-80,16160*38
$PSTM3DACC,41492534,16,-80,16176*31
$PSTM3DGYRO,40539173,17,9,0,0,1*6E
$PSTM3DGYRO,40607135,25,7,4,0,1*69
$PSTM3DGYRO,40675267,27,17,-5,0,1*77
$PSTM3DGYRO,40743809,20,14,2,0,1*5F
$PSTM3DGYRO,40811825,22,34,-27,0,1*43
$PSTM3DGYRO,40879877,14,-18,8,0,1*7C
$PSTM3DGYRO,40948079,13,4,-17,0,1*7D
$PSTM3DGYRO,41016351,9,13,-9,0,1*45
$PSTM3DGYRO,41084534,22,9,-40,0,1*74
$PSTM3DGYRO,41152691,-6,10,-15,0,1*51
$PSTM3DGYRO,41220883,-24,-6,7,0,1*6E
$PSTM3DGYRO,41289152,14,-4,-35,0,1*58
$PSTM3DGYRO,41357324,20,7,-43,0,1*71
$PSTM3DGYRO,41425493,17,-2,-42,0,1*55
$PSTM3DGYRO,41493963,6,24,-17,0,1*73
$PSTMDRGPS,19.033659342,-98.314925692,0.00000,0.00000,99.000,99.000,99.000,0.000,0.000,0.00000*56
$GPRMC,215027.000,V,1902.0196,N,09818.8955,W,0.0,0.0,100816,,,E*6F
$GPGGA,215027.000,1902.0196,N,09818.8955,W,0,00,99.0,2172.07,M,-9.1,M,,*65
$GPVTG,0.0,T,,M,0.0,N,0.0,K,E*09
$GNGSA,A,1,,,,,,,,,,,,,99.0,99.0,99.0*1E
$GNGSA,A,1,,,,,,,,,,,,,99.0,99.0,99.0*1E
$GPGSV,3,1,11,02,35,034,,05,73,030,,06,04,063,,12,62,228,*72
$GPGSV,3,2,11,13,24,140,,19,14,112,,20,50,230,,21,05,272,*71
$GPGSV,3,3,11,24,06,201,,25,45,293,,29,25,328,,,,,*41
$GLGSV,3,1,10,76,20,252,,75,07,197,,65,11,198,,70,09,028,*6D
$GLGSV,3,2,10,86,38,020,,77,10,301,,87,13,325,,85,23,081,*6D
$GLGSV,3,3,10,71,56,051,,72,58,173,,,,,,,,,*68
$PSTM3DACC,41560827,64,-128,16144*05
$PSTM3DACC,41628874,32,-128,16096*01
$PSTM3DACC,41696990,64,-144,16048*05
$PSTM3DACC,41765225,336,1104,16128*26
$PSTM3DACC,41833520,-32,-16,16144*16
$PSTM3DACC,41901632,-688,2672,15776*0E
$PSTM3DACC,41969807,592,-16,16896*04
$PSTM3DACC,42038005,1184,16,17488*1D
$PSTM3DACC,42106224,-976,-416,16992*17
$PSTM3DACC,42174416,-2624,-592,16192*2A
$PSTM3DACC,42242604,-3952,256,14848*0C
$PSTM3DACC,42310828,-4528,-512,15888*2B
$PSTM3DACC,42379077,-5744,-336,15360*22
$PSTM3DACC,42447278,-6544,288,14512*0F
$PSTM3DACC,42515535,-6992,-256,14400*2C
$PSTM3DGYRO,41562300,11,-10,-23,0,1*68
$PSTM3DGYRO,41630226,32,-2,-51,0,1*5E
$PSTM3DGYRO,41698326,-11,23,-12,0,1*68
$PSTM3DGYRO,41766558,-8,19,-22,0,1*55
$PSTM3DGYRO,41834878,43,29,-19,0,1*4B
$PSTM3DGYRO,41902989,-193,-212,-4213,0,1*4A
$PSTM3DGYRO,41971154,-219,15,-111,0,1*6A
$PSTM3DGYRO,42039355,-3889,24,-2794,0,1*64
$PSTM3DGYRO,42107572,-6164,62,-1215,0,1*69
$PSTM3DGYRO,42175751,-8052,174,-261,0,1*61
$PSTM3DGYRO,42243915,-7248,1758,-98,0,1*62
$PSTM3DGYRO,42312149,-5684,-1237,-567,0,1*74
$PSTM3DGYRO,42380411,-5116,-331,909,0,1*64
$PSTM3DGYRO,42448651,-5136,-820,-670,0,1*44
$PSTM3DGYRO,42516954,-5470,-1429,146,0,1*58
$PSTM3DGYRO,42585261,-4708,-1296,-271,0,1*7A
$PSTMDRGPS,19.033659342,-98.314925692,0.00000,0.00000,99.000,99.000,99.000,0.000,0.000,0.00000*56
$GPRMC,215028.000,V,1902.0196,N,09818.8955,W,0.0,0.0,100816,,,E*60
$GPGGA,215028.000,1902.0196,N,09818.8955,W,0,00,99.0,2172.07,M,-9.1,M,,*6A
$GPVTG,0.0,T,,M,0.0,N,0.0,K,E*09
$GNGSA,A,1,,,,,,,,,,,,,99.0,99.0,99.0*1E
$GNGSA,A,1,,,,,,,,,,,,,99.0,99.0,99.0*1E
$GPGSV,3,1,11,02,35,034,,05,73,030,,06,04,063,,12,62,228,*72
$GPGSV,3,2,11,13,24,140,,19,14,112,,20,50,230,,21,05,272,*71
$GPGSV,3,3,11,24,06,201,,25,45,293,,29,25,328,,,,,*41
$GLGSV,3,1,10,76,20,252,,75,07,197,,65,11,198,,70,09,028,*6D
$GLGSV,3,2,10,86,38,020,,77,10,301,,87,13,325,,85,23,081,*6D
$GLGSV,3,3,10,71,56,051,,72,58,173,,,,,,,,,*68
$PSTM3DACC,42583864,-8608,-496,14080*2E
$PSTM3DACC,42651953,-8848,-800,13152*27
$PSTM3DACC,42720088,-9280,-1232,12304*1A
$PSTM3DACC,42788420,-9888,-624,11776*2C
$PSTM3DACC,42856505,-10256,-32,12160*24
$PSTM3DACC,42924644,-10752,-672,11456*16
$PSTM3DACC,42992855,-11344,-1008,11616*2B
$PSTM3DACC,43061031,-11072,-576,10672*1D
$PSTM3DACC,43129231,-10592,-656,11184*16
$PSTM3DACC,43197488,-10320,-304,11264*17
$PSTM3DACC,43265650,-9952,-48,11968*15
$PSTM3DACC,43333830,-9264,-64,13504*1B
$PSTM3DACC,43402058,-8560,112,13856*0D
$PSTM3DACC,43470246,-7424,432,14192*0A
$PSTM3DACC,43538556,-6624,256,14976*04
$PSTM3DGYRO,42653344,-4532,-399,-190,0,1*4C
$PSTM3DGYRO,42721432,-3549,-1817,508,0,1*51
$PSTM3DGYRO,42789828,-3393,214,1322,0,1*7F
$PSTM3DGYRO,42857853,-2593,595,173,0,1*41
$PSTM3DGYRO,42925982,-2260,295,-357,0,1*6D
$PSTM3DGYRO,42994194,-1070,259,-52,0,1*5E
$PSTM3DGYRO,43062342,453,483,294,0,1*5B
$PSTM3DGYRO,43130557,2035,1412,-37,0,1*46
$PSTM3DGYRO,43198840,3028,1553,-48,0,1*4E
$PSTM3DGYRO,43266984,4002,2226,-438,0,1*7F
$PSTM3DGYRO,43335150,5068,664,-180,0,1*42
$PSTM3DGYRO,43403384,5557,1003,400,0,1*54
$PSTM3DGYRO,43471581,6631,450,935,0,1*6A
$PSTM3DGYRO,43539954,5806,207,827,0,1*6C
$PSTMDRGPS,19.033659342,-98.314925692,0.00000,0.00000,99.000,99.000,99.000,0.000,0.000,0.00000*56
$GPRMC,215029.000,V,1902.0196,N,09818.8955,W,0.0,0.0,100816,,,E*61
$GPGGA,215029.000,1902.0196,N,09818.8955,W,0,00,99.0,2172.07,M,-9.1,M,,*6B
$GPVTG,0.0,T,,M,0.0,N,0.0,K,E*09
$GNGSA,A,1,,,,,,,,,,,,,99.0,99.0,99.0*1E
$GNGSA,A,1,,,,,,,,,,,,,99.0,99.0,99.0*1E
$GPGSV,3,1,11,02,35,034,,05,73,030,,06,04,063,,12,62,228,*72
$GPGSV,3,2,11,13,24,140,,19,14,112,,20,50,230,,21,05,272,*71
$GPGSV,3,3,11,24,06,201,,25,45,293,,29,25,328,,,,,*41
$GLGSV,3,1,10,76,20,252,,75,07,197,,65,11,198,,70,09,028,*6D
$GLGSV,3,2,10,86,38,020,,77,10,301,,87,13,325,,85,23,081,*6D
$GLGSV,3,3,10,71,56,051,,72,58,173,,,,,,,,,*68
$PSTM3DACC,43606891,-4704,-400,16080*27
$PSTM3DACC,43674920,-4560,-192,16256*2E
$PSTM3DACC,43743150,-3264,336,16000*00
$PSTM3DACC,43811310,-2272,-208,16464*2F
$PSTM3DACC,43879518,-1312,-64,16352*11
$PSTM3DACC,43947674,-752,-320,15888*19
$PSTM3DACC,44015949,4640,-1168,22528*36
$PSTM3DACC,44084092,128,-208,16016*37
$PSTM3DACC,44152271,32,-48,16192*33
$PSTM3DACC,44220464,112,192,17424*16
$PSTM3DACC,44288664,-336,-528,17728*18
$PSTM3DACC,44356909,-2752,-112,17216*2F
$PSTM3DACC,44425109,-4576,-576,15152*21
$PSTM3DACC,44493297,-5952,-160,14608*29
$PSTM3DACC,44561634,-7392,-208,13088*28
$PSTM3DGYRO,43608293,7739,-1280,640,0,1*70
$PSTM3DGYRO,43676264,6861,-1444,105,0,1*7A
$PSTM3DGYRO,43744524,5989,-99,-51,0,1*65
$PSTM3DGYRO,43812680,5345,-48,58,0,1*46
$PSTM3DGYRO,43880887,5200,-36,-346,0,1*5C
$PSTM3DGYRO,43949046,4852,-11,-376,0,1*57
$PSTM3DGYRO,44017314,660,367,428,0,1*53
$PSTM3DGYRO,44085459,-1,16,53,0,1*77
$PSTM3DGYRO,44153633,-84,-134,-31,0,1*7B
$PSTM3DGYRO,44221784,-4096,50,-954,0,1*53
$PSTM3DGYRO,44289976,-7659,112,-655,0,1*6D
$PSTM3DGYRO,44358252,-11142,229,-291,0,1*50
$PSTM3DGYRO,44426443,-13314,-1675,-66,0,1*70
$PSTM3DGYRO,44494608,-8211,-969,-215,0,1*4F
$PSTM3DGYRO,44563018,-7226,-545,-334,0,1*4A
$PSTM3DGYRO,44631333,-6478,-1428,-218,0,1*7C
$PSTMDRGPS,19.033659342,-98.314925692,0.00000,0.00000,99.000,99.000,99.000,0.000,0.000,0.00000*56
$GPRMC,215030.000,V,1902.0196,N,09818.8955,W,0.0,0.0,100816,,,E*69
$GPGGA,215030.000,1902.0196,N,09818.8955,W,0,00,99.0,2172.07,M,-9.1,M,,*63
$GPVTG,0.0,T,,M,0.0,N,0.0,K,E*09
$GNGSA,A,1,,,,,,,,,,,,,99.0,99.0,99.0*1E
$GNGSA,A,1,,,,,,,,,,,,,99.0,99.0,99.0*1E
$GPGSV,3,1,11,02,35,034,,05,73,030,,06,04,063,,12,62,228,*72
$GPGSV,3,2,11,13,24,140,,19,14,112,,20,50,230,,21,05,272,*71
$GPGSV,3,3,11,24,06,201,,25,45,293,,29,25,328,,,,,*41
$GLGSV,3,1,10,76,20,252,,75,07,197,,65,11,198,,70,09,028,*6D
$GLGSV,3,2,10,86,38,020,,77,10,301,,87,13,325,,85,23,081,*6D
$GLGSV,3,3,10,71,56,051,,72,58,173,,,,,,,,,*68
$PSTM3DACC,44629910,-8288,-752,12832*29
$PSTM3DACC,44697998,-9136,-704,12656*24
$PSTM3DACC,44766081,-10320,-1152,12672*25
$PSTM3DACC,44834490,-11184,-688,11280*1F
$PSTM3DACC,44902673,-11696,-1456,10752*2B
$PSTM3DACC,44970686,-12560,-192,9792*25
$PSTM3DACC,45038892,-13136,-1296,9584*1F
$PSTM3DACC,45107144,-13216,-864,9248*20
$PSTM3DACC,45175297,-12736,-1024,9024*1B
$PSTM3DACC,45243485,-12688,-1152,8704*18
$PSTM3DACC,45311688,-12000,-560,9296*2C
$PSTM3DACC,45379930,-11424,-64,10608*25
$PSTM3DACC,45448123,-11280,-576,11456*1C
$PSTM3DACC,45516302,-9920,192,11664*0F
$PSTM3DACC,45584639,-9136,592,13744*03
$PSTM3DGYRO,44699358,-6060,-984,-297,0,1*43
$PSTM3DGYRO,44767401,-5934,-482,44,0,1*59
$PSTM3DGYRO,44835892,-5789,464,182,0,1*41
$PSTM3DGYRO,44904095,-4974,387,126,0,1*44
$PSTM3DGYRO,44972007,-3824,-498,-242,0,1*45
$PSTM3DGYRO,45040208,-2335,-131,-130,0,1*4B
$PSTM3DGYRO,45108479,-550,-428,456,0,1*54
$PSTM3DGYRO,45176626,865,296,80,0,1*62
$PSTM3DGYRO,45244797,2724,1165,569,0,1*5F
$PSTM3DGYRO,45312999,3915,1073,141,0,1*58
$PSTM3DGYRO,45381273,5185,1573,-94,0,1*4B
$PSTM3DGYRO,45449462,6073,2275,215,0,1*51
$PSTM3DGYRO,45517618,7264,2178,403,0,1*5E
$PSTM3DGYRO,45586034,7824,1806,273,0,1*52
$PSTM3DGYRO,45654446,8811,806,190,0,1*69
$PSTMDRGPS,19.033659342,-98.314925692,0.00000,0.00000,99.000,99.000,99.000,0.000,0.000,0.00000*56
$GPRMC,215031.000,V,1902.0196,N,09818.8955,W,0.0,0.0,100816,,,E*68
$GPGGA,215031.000,1902.0196,N,09818.8955,W,0,00,99.0,2172.07,M,-9.1,M,,*62
$GPVTG,0.0,T,,M,0.0,N,0.0,K,E*09
$GNGSA,A,1,,,,,,,,,,,,,99.0,99.0,99.0*1E
$GNGSA,A,1,,,,,,,,,,,,,99.0,99.0,99.0*1E
$GPGSV,3,1,11,02,35,034,,05,73,030,,06,04,063,,12,62,228,*72
$GPGSV,3,2,11,13,24,140,,19,14,112,,20,50,230,,21,05,272,*71
$GPGSV,3,3,11,24,06,201,,25,45,293,,29,25,328,,,,,*41
$GLGSV,3,1,10,76,20,252,,75,07,197,,65,11,198,,70,09,028,*6D
$GLGSV,3,2,10,86,38,020,,77,10,301,,87,13,325,,85,23,081,*6D
$GLGSV,3,3,10,71,56,051,,72,58,173,,,,,,,,,*68
$PSTM3DACC,45653032,-7872,736,14176*0C
$PSTM3DACC,45721063,-5408,-2864,16416*19
$PSTM3DACC,45789169,-4496,624,16192*0A
$PSTM3DACC,45857353,-3456,224,16912*02
$PSTM3DACC,45925563,-2384,304,16128*08
$PSTM3DACC,45993733,-2352,-320,16096*26
$PSTM3DACC,46061922,-736,-304,16592*1C
$PSTM3DACC,46130116,-80,-352,16672*22
$PSTM3DACC,46198317,64,-224,16640*05
$PSTM3DACC,46266543,48,-224,16144*0D
$PSTM3DACC,46334721,624,-1264,19104*0F
$PSTM3DACC,46402931,224,848,18944*13
$PSTM3DACC,46471193,-2400,512,17296*01
$PSTM3DACC,46539366,-5984,80,15440*33
$PSTM3DACC,46607628,-5888,-336,14080*25
$PSTM3DGYRO,45722450,11689,-1062,43,0,1*70
$PSTM3DGYRO,45790512,9394,-2108,299,0,1*75
$PSTM3DGYRO,45858700,5808,-3007,881,0,1*71
$PSTM3DGYRO,45926910,4837,23,-998,0,1*77
$PSTM3DGYRO,45995067,4507,19,-254,0,1*7A
$PSTM3DGYRO,46063238,4679,-33,-737,0,1*5E
$PSTM3DGYRO,46131451,3985,-21,-308,0,1*51
$PSTM3DGYRO,46199642,-1,20,-17,0,1*59
$PSTM3DGYRO,46267899,17,13,-7,0,1*78
$PSTM3DGYRO,46336037,-1449,60,774,0,1*78
$PSTM3DGYRO,46404252,-8123,87,-134,0,1*59
$PSTM3DGYRO,46472522,-14605,407,-1414,0,1*6C
$PSTM3DGYRO,46540705,-16843,224,94,0,1*42
$PSTM3DGYRO,46609034,-8454,-2530,-569,0,1*7B
$PSTMDRGPS,19.033659342,-98.314925692,0.00000,0.00000,99.000,99.000,99.000,0.000,0.000,0.00000*56
$GPRMC,215032.000,V,1902.0196,N,09818.8955,W,0.0,0.0,100816,,,E*6B
$GPGGA,215032.000,1902.0196,N,09818.8955,W,0,00,99.0,2172.07,M,-9.1,M,,*61
$GPVTG,0.0,T,,M,0.0,N,0.0,K,E*09
$GNGSA,A,1,,,,,,,,,,,,,99.0,99.0,99.0*1E
$GNGSA,A,1,,,,,,,,,,,,,99.0,99.0,99.0*1E
$GPGSV,3,1,11,02,35,034,,05,73,030,,06,04,063,,12,62,228,*72
$GPGSV,3,2,11,13,24,140,,19,14,112,,20,50,230,,21,05,272,*71
$GPGSV,3,3,11,24,06,201,,25,45,293,,29,25,328,,,,,*41
$GLGSV,3,1,10,76,20,252,,75,07,197,,65,11,198,,70,09,028,*6D
$GLGSV,3,2,10,86,38,020,,77,10,301,,87,13,325,,85,23,081,*6D
$GLGSV,3,3,10,71,56,051,,72,58,173,,,,,,,,,*68
$PSTM3DACC,46675965,-8352,-240,13776*2E
$PSTM3DACC,46744024,-9696,-480,11104*26
$PSTM3DACC,46812140,-10752,-1696,11520*2E
$PSTM3DACC,46880593,-11712,-688,10240*14
$PSTM3DACC,46948673,-12464,-1232,9568*1C
$PSTM3DACC,47016800,-12496,-992,8784*29
$PSTM3DACC,47084961,-12992,-1552,9040*12
$PSTM3DACC,47153115,-12784,-1616,8384*12
$PSTM3DACC,47221343,-12448,-1696,8448*19
$PSTM3DACC,47289630,-12128,-1264,8704*1B
$PSTM3DACC,47357777,-10880,-688,9376*25
$PSTM3DACC,47425963,-10208,-320,11664*1E
$PSTM3DACC,47494160,-9504,144,13088*07
$PSTM3DACC,47562435,-7984,768,15280*04
$PSTM3DACC,47630731,-6800,1040,15664*39
$PSTM3DGYRO,46677362,-8721,-2900,400,0,1*5F
$PSTM3DGYRO,46745379,-10127,419,1088,0,1*43
$PSTM3DGYRO,46813452,-5612,-2470,-1262,0,1*4F
$PSTM3DGYRO,46881976,-5841,-1658,-253,0,1*7F
$PSTM3DGYRO,46950044,-4126,-1410,-362,0,1*7E
$PSTM3DGYRO,47018157,-2467,-276,-416,0,1*4C
$PSTM3DGYRO,47086283,-1047,-556,-135,0,1*45
$PSTM3DGYRO,47154432,650,284,10,0,1*65
$PSTM3DGYRO,47222669,2035,1216,504,0,1*56
$PSTM3DGYRO,47291019,4433,2395,395,0,1*5C
$PSTM3DGYRO,47359098,6789,2606,355,0,1*53
$PSTM3DGYRO,47427297,8454,3735,-684,0,1*79
$PSTM3DGYRO,47495486,8929,3731,179,0,1*5D
$PSTM3DGYRO,47563814,9967,1513,-147,0,1*79
$PSTM3DGYRO,47632145,9475,1309,388,0,1*5C
$PSTM3DGYRO,47700396,9648,-1438,138,0,1*7D
$PSTMDRGPS,19.033659342,-98.314925692,0.00000,0.00000,99.000,99.000,99.000,0.000,0.000,0.00000*56
$GPRMC,215033.000,V,1902.0196,N,09818.8955,W,0.0,0.0,100816,,,E*6A
$GPGGA,215033.000,1902.0196,N,09818.8955,W,0,00,99.0,2172.07,M,-9.1,M,,*60
$GPVTG,0.0,T,,M,0.0,N,0.0,K,E*09
$GNGSA,A,1,,,,,,,,,,,,,99.0,99.0,99.0*1E
$GNGSA,A,1,,,,,,,,,,,,,99.0,99.0,99.0*1E
$GPGSV,3,1,11,02,35,034,,05,73,030,,06,04,063,,12,62,228,*72
$GPGSV,3,2,11,13,24,140,,19,14,112,,20,50,230,,21,05,272,*71
$GPGSV,3,3,11,24,06,201,,25,45,293,,29,25,328,,,,,*41
$GLGSV,3,1,10,76,20,252,,75,07,197,,65,11,198,,70,09,028,*6D
$GLGSV,3,2,10,86,38,020,,77,10,301,,87,13,325,,85,23,081,*6D
$GLGSV,3,3,10,71,56,051,,72,58,173,,,,,,,,,*68
$PSTM3DACC,47698967,-5200,528,16576*06
$PSTM3DACC,47767089,-3264,592,17008*06
$PSTM3DACC,47835188,-2864,272,15920*0D
$PSTM3DACC,47903430,-2144,-896,16400*25
$PSTM3DACC,47971619,-1280,-560,16528*2E
$PSTM3DACC,48039771,-1216,64,15888*3C
$PSTM3DACC,48108059,-688,160,15776*3B
$PSTM3DACC,48176256,-224,-272,15888*1E
$PSTM3DACC,48244387,16,-64,16016*36
$PSTM3DACC,48312579,32,-144,16144*00
$PSTM3DACC,48380777,256,-192,16896*3A
$PSTM3DACC,48448997,160,-1152,16160*02
$PSTM3DACC,48517197,-1184,256,15888*00
$PSTM3DACC,48585390,-192,32,16432*06
$PSTM3DACC,48653755,-752,512,16592*35
$PSTM3DGYRO,47768464,5607,-1501,60,0,1*49
$PSTM3DGYRO,47836536,4093,-1007,-926,0,1*54
$PSTM3DGYRO,47904774,3697,-414,-1474,0,1*59
$PSTM3DGYRO,47972975,3230,26,-1187,0,1*4F
$PSTM3DGYRO,48041117,2442,3,-858,0,1*4A
$PSTM3DGYRO,48109415,3095,-4,-975,0,1*6B
$PSTM3DGYRO,48177603,2666,-33,-796,0,1*5B
$PSTM3DGYRO,48245728,17,-724,-85,0,1*57
$PSTM3DGYRO,48313895,10,-14,-6,0,1*54
$PSTM3DGYRO,48382151,-570,-18,73,0,1*50
$PSTM3DGYRO,48450335,-1123,57,812,0,1*72
$PSTM3DGYRO,48518541,-1778,-101,3964,0,1*5E
$PSTM3DGYRO,48586706,-812,-45,2753,0,1*50
$PSTM3DGYRO,48655198,-2990,6,1864,0,1*77
$PSTMDRGPS,19.033659342,-98.314925692,0.00000,0.00000,99.000,99.000,99.000,0.000,0.000,0.00000*56
$GPRMC,215034.000,V,1902.0196,N,09818.8955,W,0.0,0.0,100816,,,E*6D
$GPGGA,215034.000,1902.0196,N,09818.8955,W,0,00,99.0,2172.07,M,-9.1,M,,*67
$GPVTG,0.0,T,,M,0.0,N,0.0,K,E*09
$GNGSA,A,1,,,,,,,,,,,,,99.0,99.0,99.0*1E
$GNGSA,A,1,,,,,,,,,,,,,99.0,99.0,99.0*1E
$GPGSV,3,1,11,02,35,034,,05,73,030,,06,04,063,,12,62,228,*72
$GPGSV,3,2,11,13,25,140,,19,14,112,,20,50,230,,21,05,272,*70
$GPGSV,3,3,11,24,06,201,,25,45,293,,29,25,328,,,,,*41
$GLGSV,3,1,10,76,20,252,,75,07,197,,65,11,198,,70,09,028,*6D
$GLGSV,3,2,10,86,38,020,,77,10,301,,87,13,325,,85,23,081,*6D
$GLGSV,3,3,10,71,56,051,,72,58,173,,,,,,,,,*68
$PSTM3DACC,48722023,-1408,1072,16304*32
$PSTM3DACC,48790059,-2144,64,15824*34
$PSTM3DACC,48858196,-3920,-496,15024*2A
$PSTM3DACC,48926661,-4480,-800,15568*23
$PSTM3DACC,48994710,-4800,-1040,15616*1E
$PSTM3DACC,49062800,-5520,-1520,15216*18
$PSTM3DACC,49131013,-5504,-1040,14672*17
$PSTM3DACC,49199243,-5696,-512,14352*2E
$PSTM3DACC,49267425,-6352,-720,13568*2F
$PSTM3DACC,49335609,-6912,-704,14432*24
$PSTM3DACC,49403817,-7184,-352,14384*2C
$PSTM3DACC,49472117,-7072,-224,13472*22
$PSTM3DACC,49540257,-6544,352,13648*02
$PSTM3DACC,49608421,-6240,-144,13280*21
$PSTM3DACC,49676769,-6064,432,15504*07
$PSTM3DGYRO,48723430,-4408,-1287,860,0,1*58
$PSTM3DGYRO,48791437,-4901,-2021,-61,0,1*4B
$PSTM3DGYRO,48859507,-6221,-2479,497,0,1*50
$PSTM3DGYRO,48928068,-4480,1176,-906,0,1*58
$PSTM3DGYRO,48996072,-3488,-384,-543,0,1*47
$PSTM3DGYRO,49064112,-2708,-719,-22,0,1*7D
$PSTM3DGYRO,49132324,-2700,79,-466,0,1*58
$PSTM3DGYRO,49200595,-2434,-5,715,0,1*6E
$PSTM3DGYRO,49268759,-1790,-6,-67,0,1*70
$PSTM3DGYRO,49336926,-1620,1308,-145,0,1*56
$PSTM3DGYRO,49405137,-669,1784,273,0,1*4E
$PSTM3DGYRO,49473501,427,1422,423,0,1*67
$PSTM3DGYRO,49541600,821,3663,-631,0,1*46
$PSTM3DGYRO,49609746,2596,2957,-138,0,1*7E
$PSTM3DGYRO,49678204,7699,-1615,1086,0,1*4D
$PSTM3DGYRO,49746521,8762,-2624,212,0,1*74
$PSTMDRGPS,19.033659342,-98.314925692,0.00000,0.00000,99.000,99.000,99.000,0.000,0.000,0.00000*56
$GPRMC,215035.000,V,1902.0196,N,09818.8955,W,0.0,0.0,100816,,,E*6C
$GPGGA,215035.000,1902.0196,N,09818.8955,W,0,00,99.0,2172.07,M,-9.1,M,,*66
$GPVTG,0.0,T,,M,0.0,N,0.0,K,E*09
$GNGSA,A,1,,,,,,,,,,,,,99.0,99.0,99.0*1E
$GNGSA,A,1,,,,,,,,,,,,,99.0,99.0,99.0*1E
$GPGSV,3,1,11,02,35,034,,05,73,030,,06,04,063,,12,62,228,*72
$GPGSV,3,2,11,13,25,140,,19,14,112,,20,50,230,,21,05,272,*70
$GPGSV,3,3,11,24,06,201,,25,45,293,,29,25,328,,,,,*41
$GLGSV,3,1,10,76,20,252,,75,07,197,,65,11,198,,70,09,028,*6D
$GLGSV,3,2,10,86,38,020,,77,10,301,,87,13,325,,85,23,081,*6D
$GLGSV,3,3,10,71,56,051,,72,58,173,,,,,,,,,*68
$PSTM3DACC,49745106,-4560,784,15456*02
$PSTM3DACC,49813128,-2416,-512,17152*27
$PSTM3DACC,49881234,-2032,512,16128*01
$PSTM3DACC,49949459,-528,-224,17040*14
$PSTM3DACC,50017700,16,-112,16288*05
$PSTM3DACC,50085932,256,-144,15952*3B
$PSTM3DACC,50154074,48,-160,16096*04
$PSTM3DACC,50222231,64,-80,16096*34
$PSTM3DACC,50290447,64,-160,16128*01
$PSTM3DACC,50358640,64,-144,16128*07
$PSTM3DACC,50426841,0,-272,16144*38
$PSTM3DACC,50495043,32,-128,16144*07
$PSTM3DACC,50563327,32,-160,16112*01
$PSTM3DACC,50631463,32,-144,16144*07
$PSTM3DACC,50699798,64,-192,16128*00
$PSTM3DGYRO,49814511,7554,-2258,1131,0,1*4B
$PSTM3DGYRO,49882550,6431,26,-389,0,1*7B
$PSTM3DGYRO,49950789,4827,13,-492,0,1*71
$PSTM3DGYRO,50019074,3621,-50,-453,0,1*50
$PSTM3DGYRO,50087302,17,-13,-112,0,1*52
$PSTM3DGYRO,50155395,-26,-10,-7,0,1*7B
$PSTM3DGYRO,50223552,22,68,11,0,1*65
$PSTM3DGYRO,50291833,32,23,17,0,1*6E
$PSTM3DGYRO,50359975,23,36,8,0,1*52
$PSTM3DGYRO,50428152,10,12,24,0,1*66
$PSTM3DGYRO,50496365,-26,37,-15,0,1*65
$PSTM3DGYRO,50564731,-10,2,-3,0,1*68
$PSTM3DGYRO,50632775,-21,-13,-19,0,1*4C
$PSTM3DGYRO,50701193,5,22,-49,0,1*72
$PSTMDRGPS,19.033659342,-98.314925692,0.00000,0.00000,99.000,99.000,99.000,0.000,0.000,0.00000*56
$GPRMC,215036.000,V,1902.0196,N,09818.8955,W,0.0,0.0,100816,,,E*6F
$GPGGA,215036.000,1902.0196,N,09818.8955,W,0,00,99.0,2172.07,M,-9.1,M,,*65
$GPVTG,0.0,T,,M,0.0,N,0.0,K,E*09
$GNGSA,A,1,,,,,,,,,,,,,99.0,99.0,99.0*1E
$GNGSA,A,1,,,,,,,,,,,,,99.0,99.0,99.0*1E
$GPGSV,3,1,11,02,35,034,,05,73,030,,06,04,063,,12,62,228,*72
$GPGSV,3,2,11,13,25,140,,19,14,112,,20,50,230,,21,05,272,*70
$GPGSV,3,3,11,24,06,201,,25,45,293,,29,25,328,,,,,*41
$GLGSV,3,1,10,76,20,252,,75,07,197,,65,11,198,,70,09,028,*6D
$GLGSV,3,2,10,86,38,020,,77,10,301,,87,13,325,,85,23,081,*6D
$GLGSV,3,3,10,71,56,051,,72,58,173,,,,,,,,,*68
$PSTM3DACC,50768100,0,-160,16144*3D
$PSTM3DACC,50836135,16,-176,16080*06
$PSTM3DACC,50904294,32,-160,16160*00
$PSTM3DACC,50972696,32,-192,16192*07
$PSTM3DACC,51040802,80,-160,16128*08
$PSTM3DACC,51108955,48,-160,16080*01
$PSTM3DACC,51177072,64,-160,16192*09
$PSTM3DACC,51245262,16,-160,16144*06
$PSTM3DACC,51313463,16,-160,16112*00
$PSTM3DACC,51381839,32,-160,16128*07
$PSTM3DACC,51449921,48,-160,16192*00
$PSTM3DACC,51518110,0,-144,16144*3E
$PSTM3DACC,51586352,16,-224,16128*05
$PSTM3DACC,51654510,80,-192,16096*0C
$PSTM3DACC,51722842,16,-192,16096*09
$PSTM3DGYRO,50769501,8,18,-4,0,1*4E
$PSTM3DGYRO,50837525,0,6,-19,0,1*47
$PSTM3DGYRO,50905624,24,-22,-12,0,1*63
$PSTM3DGYRO,50974085,6,30,-22,0,1*75
$PSTM3DGYRO,51042173,3,-2,-5,0,1*5C
$PSTM3DGYRO,51110316,4,-7,-27,0,1*69
$PSTM3DGYRO,51178402,11,25,-7,0,1*7E
$PSTM3DGYRO,51246573,33,18,-10,0,1*4F
$PSTM3DGYRO,51314793,18,4,-36,0,1*75
$PSTM3DGYRO,51383213,-5,-9,-1,0,1*73
$PSTM3DGYRO,51451260,32,-10,7,0,1*75
$PSTM3DGYRO,51519444,-3,-17,-38,0,1*71
$PSTM3DGYRO,51587708,-5,18,-7,0,1*65
$PSTM3DGYRO,51655839,-3,-1,10,0,1*6C
$PSTM3DGYRO,51724310,24,16,8,0,1*51
$PSTMDRGPS,19.033659342,-98.314925692,0.00000,0.00000,99.000,99.000,99.000,0.000,0.000,0.00000*56
$GPRMC,215037.000,V,1902.0196,N,09818.8955,W,0.0,0.0,100816,,,E*6E
$GPGGA,215037.000,1902.0196,N,09818.8955,W,0,00,99.0,2172.07,M,-9.1,M,,*64
$GPVTG,0.0,T,,M,0.0,N,0.0,K,E*09
$GNGSA,A,1,,,,,,,,,,,,,99.0,99.0,99.0*1E
$GNGSA,A,1,,,,,,,,,,,,,99.0,99.0,99.0*1E
$GPGSV,3,1,11,02,35,034,,05,73,030,,06,04,063,,12,62,228,*72
$GPGSV,3,2,11,13,25,140,,19,14,112,,20,50,230,,21,05,272,*70
$GPGSV,3,3,11,24,06,201,,25,45,293,,29,25,328,,,,,*41
$GLGSV,3,1,10,76,20,252,,75,07,197,,65,11,198,,70,09,028,*6D
$GLGSV,3,2,10,86,38,020,,77,10,301,,87,13,325,,85,23,081,*6D
$GLGSV,3,3,10,71,56,051,,72,58,173,,,,,,,,,*68
$PSTM3DACC,51791136,48,-144,16032*05
$PSTM3DACC,51859138,16,-160,16144*0D
$PSTM3DACC,51927286,16,-208,16144*0E
$PSTM3DACC,51995615,16,-160,16192*0F
$PSTM3DACC,52063689,80,-176,16096*04
$PSTM3DACC,52131918,64,-128,16128*00
$PSTM3DACC,52200152,32,-160,16112*01
$PSTM3DACC,52268353,32,-176,16080*01
$PSTM3DACC,52336510,16,-192,16192*04
$PSTM3DACC,52404699,64,-176,16144*04
$PSTM3DACC,52472919,16,-160,16080*09
$PSTM3DACC,52541145,32,-176,16160*07
$PSTM3DACC,52609315,32,-208,16112*00
$PSTM3DACC,52677502,16,-160,16096*0F
$PSTM3DACC,52745871,32,-192,16112*00
$PSTM3DGYRO,51792558,14,-2,9,0,1*4C
$PSTM3DGYRO,51860477,29,-7,-8,0,1*65
$PSTM3DGYRO,51928611,10,27,-44,0,1*47
$PSTM3DGYRO,51996972,5,29,-20,0,1*70
$PSTM3DGYRO,52065004,-8,3,19,0,1*41
$PSTM3DGYRO,52133266,-5,18,-37,0,1*53
$PSTM3DGYRO,52201514,1,40,-6,0,1*45
$PSTM3DGYRO,52269701,21,12,-1,0,1*7F
$PSTM3DGYRO,52337851,-247,-17,4,0,1*60
$PSTM3DGYRO,52406019,-7,5,-7,0,1*57
$PSTM3DGYRO,52474244,-3,17,-5,0,1*6D
$PSTM3DGYRO,52542509,32,19,8,0,1*56
$PSTM3DGYRO,52610673,-10,17,19,0,1*4F
$PSTM3DGYRO,52678813,-10,11,-1,0,1*5B
$PSTM3DGYRO,52747299,0,-3,-23,0,1*6C
$PSTMDRGPS,19.033659342,-98.314925692,0.00000,0.00000,99.000,99.000,99.000,0.000,0.000,0.00000*56
$GPRMC,215038.000,V,1902.0196,N,09818.8955,W,0.0,0.0,100816,,,E*61
$GPGGA,215038.000,1902.0196,N,09818.8955,W,0,00,99.0,2172.07,M,-9.1,M,,*6B
$GPVTG,0.0,T,,M,0.0,N,0.0,K,E*09
$GNGSA,A,1,,,,,,,,,,,,,99.0,99.0,99.0*1E
$GNGSA,A,1,,,,,,,,,,,,,99.0,99.0,99.0*1E
$GPGSV,3,1,11,02,35,034,,05,73,030,,06,04,063,,12,62,228,*72
$GPGSV,3,2,11,13,25,140,,19,14,112,,20,50,230,,21,05,272,*70
$GPGSV,3,3,11,24,06,201,,25,45,293,,29,25,328,,,,,*41
$GLGSV,3,1,10,76,20,252,,75,07,197,,65,11,198,,70,09,028,*6D
$GLGSV,3,2,10,86,38,020,,77,10,301,,87,13,325,,85,23,081,*6D
$GLGSV,3,3,10,71,56,051,,72,58,173,,,,,,,,,*68
$PSTM3DACC,52814148,16,-208,16144*0D
$PSTM3DACC,52882206,32,-176,15856*0E
$PSTM3DACC,52950349,32,-192,16160*0F
$PSTM3DACC,53018773,32,-176,16128*00
$PSTM3DACC,53086828,32,-192,16144*06
$PSTM3DACC,53155000,16,-160,16176*01
$PSTM3DACC,53223138,0,-192,16080*3B
$PSTM3DACC,53291454,48,-176,16144*02
$PSTM3DACC,53359559,32,-176,16176*07
$PSTM3DACC,53427743,32,-176,16112*02
$PSTM3DACC,53495936,64,-160,16096*0E
$PSTM3DACC,53564156,32,-176,16160*03
$PSTM3DACC,53632363,32,-176,16128*0B
$PSTM3DACC,53700533,48,-224,16112*08
$PSTM3DACC,53768880,48,-160,16128*09
$PSTM3DGYRO,52815505,-2,18,19,0,1*7A
$PSTM3DGYRO,52883578,1,16,-4,0,1*4E
$PSTM3DGYRO,52951660,-6,18,-32,0,1*5B
$PSTM3DGYRO,53020207,14,-1,-41,0,1*5F
$PSTM3DGYRO,53088170,-5,-6,-25,0,1*46
$PSTM3DGYRO,53156339,21,2,-21,0,1*7D
$PSTM3DGYRO,53224449,-11,37,-13,0,1*62
$PSTM3DGYRO,53292838,10,-11,-31,0,1*60
$PSTM3DGYRO,53360902,6,23,-6,0,1*4B
$PSTM3DGYRO,53429064,28,15,10,0,1*6B
$PSTM3DGYRO,53497265,25,21,8,0,1*5E
$PSTM3DGYRO,53565486,7,24,-3,0,1*4A
$PSTM3DGYRO,53633707,15,19,-41,0,1*4B
$PSTM3DGYRO,53701850,15,22,3,0,1*55
$PSTM3DGYRO,53770272,-11,27,-41,0,1*6E
$PSTMDRGPS,19.033659342,-98.314925692,0.00000,0.00000,99.000,99.000,99.000,0.000,0.000,0.00000*56
$GPRMC,215039.000,V,1902.0196,N,09818.8955,W,0.0,0.0,100816,,,E*60
$GPGGA,215039.000,1902.0196,N,09818.8955,W,0,00,99.0,2172.07,M,-9.1,M,,*6A
$GPVTG,0.0,T,,M,0.0,N,0.0,K,E*09
$GNGSA,A,1,,,,,,,,,,,,,99.0,99.0,99.0*1E
$GNGSA,A,1,,,,,,,,,,,,,99.0,99.0,99.0*1E
$GPGSV,3,1,11,02,35,034,,05,73,030,,06,04,063,,12,62,228,*72
$GPGSV,3,2,11,13,25,140,,19,14,112,,20,50,230,,21,05,272,*70
$GPGSV,3,3,11,24,06,201,,25,45,293,,29,25,328,,,,,*41
$GLGSV,3,1,10,76,20,252,,75,07,197,,65,11,198,,70,09,028,*6D
$GLGSV,3,2,10,86,38,020,,77,10,301,,87,13,325,,85,23,081,*6D
$GLGSV,3,3,10,71,56,051,,72,58,173,,,,,,,,,*68
$PSTM3DACC,53837195,0,-128,16144*3B
$PSTM3DACC,53905252,48,-208,16112*0D
$PSTM3DACC,53973354,16,-192,16144*03
$PSTM3DACC,54041570,48,-160,16112*09
$PSTM3DACC,54109779,16,-176,16144*00
$PSTM3DACC,54178025,16,-144,16144*09
$PSTM3DACC,54246180,16,-192,16176*03
$PSTM3DACC,54314351,48,-160,16064*0F
$PSTM3DACC,54382562,64,-176,16144*0C
$PSTM3DACC,54450773,16,-176,16144*03
$PSTM3DACC,54518966,32,-160,16128*0F
$PSTM3DACC,54587168,-16,-176,16144*29
$PSTM3DACC,54655411,48,-160,16160*09
$PSTM3DACC,54723595,16,-176,16192*05
$PSTM3DACC,54791913,64,-160,16144*07
$PSTM3DGYRO,53838606,15,5,18,0,1*52
$PSTM3DGYRO,53906629,19,-5,-16,0,1*51
$PSTM3DGYRO,53974666,1,12,-30,0,1*79
$PSTM3DGYRO,54042886,31,31,6,0,1*58
$PSTM3DGYRO,54111099,-16,-2,16,0,1*5D
$PSTM3DGYRO,54179373,4,36,6,0,1*61
$PSTM3DGYRO,54247491,2,14,-2,0,1*4B
$PSTM3DGYRO,54315678,4,9,14,0,1*68
$PSTM3DGYRO,54383907,38,-1,6,0,1*49
$PSTM3DGYRO,54452121,-9,-8,-35,0,1*45
$PSTM3DGYRO,54520277,17,17,-25,0,1*41
$PSTM3DGYRO,54588512,3,-12,-18,0,1*54
$PSTM3DGYRO,54656783,14,9,-9,0,1*4F
$PSTM3DGYRO,54724934,-16,42,-25,0,1*67
$PSTM3DGYRO,54793322,-15,9,-3,0,1*6E
$PSTMDRGPS,19.033659342,-98.314925692,0.00000,0.00000,99.000,99.000,99.000,0.000,0.000,0.00000*56
$GPRMC,215040.000,V,1902.0196,N,09818.8955,W,0.0,0.0,100816,,,E*6E
$GPGGA,215040.000,1902.0196,N,09818.8955,W,0,00,99.0,2172.07,M,-9.1,M,,*64
$GPVTG,0.0,T,,M,0.0,N,0.0,K,E*09
$GNGSA,A,1,,,,,,,,,,,,,99.0,99.0,99.0*1E
$GNGSA,A,1,,,,,,,,,,,,,99.0,99.0,99.0*1E
$GPGSV,3,1,11,02,35,034,,05,73,030,,06,04,063,,12,62,228,*72
$GPGSV,3,2,11,13,25,140,,19,14,112,,20,50,230,,21,05,272,*70
$GPGSV,3,3,11,24,06,201,,25,45,293,,29,25,328,,,,,*41
$GLGSV,3,1,10,76,20,252,,75,07,197,,65,11,198,,70,09,028,*6D
$GLGSV,3,2,10,86,38,020,,77,10,301,,87,13,325,,85,23,081,*6D
$GLGSV,3,3,10,71,56,051,,72,58,173,,,,,,,,,*68
$PSTM3DACC,54860197,16,-176,16128*0A
$PSTM3DACC,54928263,96,-176,16112*0E
$PSTM3DACC,54996442,0,-160,16128*3F
$PSTM3DACC,55064790,48,-160,16128*0A
$PSTM3DACC,55132880,64,-192,16128*05
$PSTM3DACC,55201187,16,-144,16144*0C
$PSTM3DACC,55269267,0,-128,16128*38
$PSTM3DACC,55337404,16,-160,16080*09
$PSTM3DACC,55405587,64,-160,16128*03
$PSTM3DACC,55473876,48,-128,16128*03
$PSTM3DACC,55542009,64,-144,16080*07
$PSTM3DACC,55610213,16,-208,16192*06
$PSTM3DACC,55678390,48,-176,16160*0E
$PSTM3DACC,55746611,0,-176,16128*3E
$PSTM3DACC,55814926,32,-192,16080*05
$PSTM3DGYRO,54861616,18,7,-10,0,1*72
$PSTM3DGYRO,54929646,12,9,-30,0,1*7C
$PSTM3DGYRO,54997794,23,-5,-10,0,1*56
$PSTM3DGYRO,55066156,-10,39,-17,0,1*60
$PSTM3DGYRO,55134236,6,18,-35,0,1*7A
$PSTM3DGYRO,55202592,23,22,-8,0,1*75
$PSTM3DGYRO,55270606,5,-1,-13,0,1*6C
$PSTM3DGYRO,55338725,6,17,-2,0,1*48
$PSTM3DGYRO,55406912,5,10,6,0,1*65
$PSTM3DGYRO,55475233,-21,29,-5,0,1*56
$PSTM3DGYRO,55543339,-1,18,-26,0,1*58
$PSTM3DGYRO,55611528,3,10,10,0,1*55
$PSTM3DGYRO,55679702,10,3,-37,0,1*79
$PSTM3DGYRO,55747946,30,7,1,0,1*65
$PSTM3DGYRO,55816329,16,-2,-12,0,1*5E
$PSTMDRGPS,19.033659342,-98.314925692,0.00000,0.00000,99.000,99.000,99.000,0.000,0.000,0.00000*56
$GPRMC,215041.000,V,1902.0196,N,09818.8955,W,0.0,0.0,100816,,,E*6F
$GPGGA,215041.000,1902.0196,N,09818.8955,W,0,00,99.0,2172.07,M,-9.1,M,,*65
$GPVTG,0.0,T,,M,0.0,N,0.0,K,E*09
$GNGSA,A,1,,,,,,,,,,,,,99.0,99.0,99.0*1E
$GNGSA,A,1,,,,,,,,,,,,,99.0,99.0,99.0*1E
$GPGSV,3,1,11,02,35,034,,05,73,030,,06,04,063,,12,62,228,*72
$GPGSV,3,2,11,13,25,140,,19,14,112,,20,50,230,,21,05,272,*70
$GPGSV,3,3,11,24,06,201,,25,45,293,,29,25,328,,,,,*41
$GLGSV,3,1,10,76,20,252,,75,07,197,,65,11,198,,70,09,028,*6D
$GLGSV,3,2,10,86,38,020,,77,10,301,,87,13,325,,85,23,081,*6D
$GLGSV,3,3,10,71,56,051,,72,58,173,,,,,,,,,*68
$PSTM3DACC,55883233,0,-224,16160*34
$PSTM3DACC,55951275,48,-144,16144*07
$PSTM3DACC,56019419,80,-176,16128*02
$PSTM3DACC,56087693,32,-192,16144*0C
$PSTM3DACC,56155819,32,-192,16160*08
$PSTM3DACC,56224039,32,-176,16192*00
$PSTM3DACC,56292259,16,-128,16160*09
$PSTM3DACC,56360484,32,-160,16144*0F
$PSTM3DACC,56428614,0,-224,16224*38
$PSTM3DACC,56496863,48,-192,16192*0F
$PSTM3DACC,56565022,32,-144,16128*08
$PSTM3DACC,56633304,0,-176,16096*3B
$PSTM3DACC,56701422,32,-128,16128*06
$PSTM3DACC,56769636,16,-192,16144*02
$PSTM3DACC,56837960,0,-208,16144*3D
$PSTM3DGYRO,55884655,-26,15,1,0,1*71
$PSTM3DGYRO,55952614,12,55,2,0,1*53
$PSTM3DGYRO,56020735,4,27,-11,0,1*73
$PSTM3DGYRO,56089035,-5,33,-38,0,1*55
$PSTM3DGYRO,56157162,28,28,10,0,1*6B
$PSTM3DGYRO,56225373,4,19,-38,0,1*74
$PSTM3DGYRO,56293594,-8,30,-25,0,1*50
$PSTM3DGYRO,56361809,24,-6,14,0,1*71
$PSTM3DGYRO,56429940,10,-6,-10,0,1*58
$PSTM3DGYRO,56498197,-5,-2,-4,0,1*78
$PSTM3DGYRO,56566345,-11,6,24,0,1*76
$PSTM3DGYRO,56634642,25,11,-15,0,1*43
$PSTM3DGYRO,56702759,18,10,-23,0,1*46
$PSTM3DGYRO,56770956,-1,2,-31,0,1*67
$PSTM3DGYRO,56839376,-14,28,-14,0,1*66
$PSTMDRGPS,19.033659342,-98.314925692,0.00000,0.00000,99.000,99.000,99.000,0.000,0.000,0.00000*56
$GPRMC,215042.000,V,1902.0196,N,09818.8955,W,0.0,0.0,100816,,,E*6C
$GPGGA,215042.000,1902.0196,N,09818.8955,W,0,00,99.0,2172.07,M,-9.1,M,,*66
$GPVTG,0.0,T,,M,0.0,N,0.0,K,E*09
$GNGSA,A,1,,,,,,,,,,,,,99.0,99.0,99.0*1E
$GNGSA,A,1,,,,,,,,,,,,,99.0,99.0,99.0*1E
$GPGSV,3,1,11,02,35,034,,05,73,030,,06,04,063,,12,62,228,*72
$GPGSV,3,2,11,13,25,140,,19,14,112,,20,50,230,,21,05,272,*70
$GPGSV,3,3,11,24,06,201,,25,45,293,,29,25,328,,,,,*41
$GLGSV,3,1,10,76,20,252,,75,07,197,,65,11,198,,70,09,028,*6D
$GLGSV,3,2,10,86,38,020,,77,10,301,,87,13,325,,85,23,081,*6D
$GLGSV,3,3,10,71,56,051,,72,58,173,,,,,,,,,*68
$PSTM3DACC,56906249,48,-160,16144*0F
$PSTM3DACC,56974299,16,-176,16144*0B
$PSTM3DACC,57042440,80,-176,16064*08
$PSTM3DACC,57110838,64,-208,16128*04
$PSTM3DACC,57179024,32,-176,16128*07
$PSTM3DACC,57247147,0,-160,16160*37
$PSTM3DACC,57315266,16,-208,16144*0D
$PSTM3DACC,57383463,16,-176,16160*0D
$PSTM3DACC,57451661,64,-224,16128*08
$PSTM3DACC,57519858,64,-144,16144*0E
$PSTM3DACC,57588052,80,-128,16096*0A
$PSTM3DACC,57656253,64,-192,16208*07
$PSTM3DACC,57724468,80,-176,16144*06
$PSTM3DACC,57792657,48,-160,16144*06
$PSTM3DACC,57861005,64,-128,16080*0F
$PSTM3DGYRO,56907637,14,16,5,0,1*57
$PSTM3DGYRO,56975638,11,13,-11,0,1*45
$PSTM3DGYRO,57043752,5,12,2,0,1*6E
$PSTM3DGYRO,57112261,17,28,10,0,1*67
$PSTM3DGYRO,57180408,8,12,-20,0,1*7C
$PSTM3DGYRO,57248540,25,12,-8,0,1*73
$PSTM3DGYRO,57316609,17,-5,-2,0,1*67
$PSTM3DGYRO,57384793,15,3,9,0,1*61
$PSTM3DGYRO,57452991,5,6,-13,0,1*43
$PSTM3DGYRO,57521188,8,4,-29,0,1*40
$PSTM3DGYRO,57589372,17,-5,-14,0,1*59
$PSTM3DGYRO,57657579,-10,17,-24,0,1*63
$PSTM3DGYRO,57725798,18,6,-7,0,1*4E
$PSTM3DGYRO,57793987,4,14,26,0,1*53
$PSTM3DGYRO,57862403,11,14,18,0,1*6A
$PSTMDRGPS,19.033659342,-98.314925692,0.00000,0.00000,99.000,99.000,99.000,0.000,0.000,0.00000*56
$GPRMC,215043.000,V,1902.0196,N,09818.8955,W,0.0,0.0,100816,,,E*6D
$GPGGA,215043.000,1902.0196,N,09818.8955,W,0,00,99.0,2172.07,M,-9.1,M,,*67
$GPVTG,0.0,T,,M,0.0,N,0.0,K,E*09
$GNGSA,A,1,,,,,,,,,,,,,99.0,99.0,99.0*1E
$GNGSA,A,1,,,,,,,,,,,,,99.0,99.0,99.0*1E
$GPGSV,3,1,11,02,35,034,,05,73,030,,06,04,063,,12,62,228,*72
$GPGSV,3,2,11,13,25,140,,19,14,112,,20,50,230,,21,05,272,*70
$GPGSV,3,3,11,24,06,201,,25,45,293,,29,25,328,,,,,*41
$GLGSV,3,1,10,76,20,252,,75,07,197,,65,11,198,,70,09,028,*6D
$GLGSV,3,2,10,86,38,020,,77,10,301,,87,13,325,,85,23,081,*6D
$GLGSV,3,3,10,71,56,051,,72,58,173,,,,,,,,,*68
$PSTM3DACC,57929311,16,-208,16144*09
$PSTM3DACC,57997350,16,-176,16112*00
$PSTM3DACC,58065488,0,-112,16192*34
$PSTM3DACC,58133686,48,-128,16128*0E
$PSTM3DACC,58201892,48,-192,16112*0F
$PSTM3DACC,58270140,32,-176,16112*08
$PSTM3DACC,58338286,64,-176,16128*06
$PSTM3DACC,58406476,48,-176,16128*0B
$PSTM3DACC,58474704,64,-160,16144*0B
$PSTM3DACC,58542916,48,-176,16160*0D
$PSTM3DACC,58611077,32,-160,16144*0A
$PSTM3DACC,58679302,48,-144,16096*00
$PSTM3DACC,58747555,48,-176,16128*0D
$PSTM3DACC,58815747,-16,-160,16064*2C
$PSTM3DACC,58884006,16,-160,16144*08
$PSTM3DGYRO,57930735,19,23,2,0,1*5D
$PSTM3DGYRO,57998739,-3,-1,5,0,1*5F
$PSTM3DGYRO,58066804,11,22,-24,0,1*45
$PSTM3DGYRO,58135015,2,23,-29,0,1*74
$PSTM3DGYRO,58203231,3,-18,-15,0,1*5D
$PSTM3DGYRO,58271483,24,-19,3,0,1*79
$PSTM3DGYRO,58339603,-9,22,-8,0,1*6F
$PSTM3DGYRO,58407787,0,9,-10,0,1*4C
$PSTM3DGYRO,58476015,-9,20,-20,0,1*5A
$PSTM3DGYRO,58544264,6,27,-29,0,1*72
$PSTM3DGYRO,58612413,20,19,-15,0,1*42
$PSTM3DGYRO,58680633,3,22,-4,0,1*40
$PSTM3DGYRO,58748899,24,-11,-27,0,1*62
$PSTM3DGYRO,58817081,6,35,-9,0,1*41
$PSTM3DGYRO,58885397,-17,-2,-5,0,1*46
$PSTMDRGPS,19.033659342,-98.314925692,0.00000,0.00000,99.000,99.000,99.000,0.000,0.000,0.00000*56
$GPRMC,215044.000,V,1902.0196,N,09818.8955,W,0.0,0.0,100816,,,E*6A
$GPGGA,215044.000,1902.0196,N,09818.8955,W,0,00,99.0,2172.07,M,-9.1,M,,*60
$GPVTG,0.0,T,,M,0.0,N,0.0,K,E*09
$GNGSA,A,1,,,,,,,,,,,,,99.0,99.0,99.0*1E
$GNGSA,A,1,,,,,,,,,,,,,99.0,99.0,99.0*1E
$GPGSV,3,1,11,02,35,034,,05,73,030,,06,04,063,,12,62,228,*72
$GPGSV,3,2,11,13,25,140,,19,14,112,,20,50,230,,21,05,272,*70
$GPGSV,3,3,11,24,06,201,,25,45,293,,29,25,328,,,,,*41
$GLGSV,3,1,10,76,20,252,,75,07,197,,65,11,198,,70,09,028,*6D
$GLGSV,3,2,10,86,38,020,,77,10,301,,87,13,325,,85,23,081,*6D
$GLGSV,3,3,10,71,56,051,,72,58,173,,,,,,,,,*68
$PSTM3DACC,58952294,32,-144,16128*01
$PSTM3DACC,59020441,0,-160,16128*35
$PSTM3DACC,59088643,48,-160,16144*01
$PSTM3DACC,59156918,0,-176,16160*3F
$PSTM3DACC,59225069,48,-176,16128*07
$PSTM3DACC,59293161,32,-160,16112*00
$PSTM3DACC,59361351,16,-160,16160*0E
$PSTM3DACC,59429506,0,-160,16080*39
$PSTM3DACC,59497707,16,-160,16160*07
$PSTM3DACC,59565997,32,-176,16160*0D
$PSTM3DACC,59634170,48,-192,16144*0A
$PSTM3DACC,59702339,16,-176,16144*00
$PSTM3DACC,59770515,0,-160,16128*37
$PSTM3DACC,59838723,32,-160,16192*03
$PSTM3DACC,59907054,0,-144,16144*35
$PSTM3DGYRO,58953709,-6,21,-22,0,1*56
$PSTM3DGYRO,59021803,15,-2,17,0,1*76
$PSTM3DGYRO,59090022,-4,14,12,0,1*75
$PSTM3DGYRO,59158306,-13,6,-1,0,1*6F
$PSTM3DGYRO,59226439,-9,-23,9,0,1*6A
$PSTM3DGYRO,59294522,11,1,-12,0,1*76
$PSTM3DGYRO,59362690,-8,1,-23,0,1*63
$PSTM3DGYRO,59430817,-2,47,-9,0,1*62
$PSTM3DGYRO,59499019,-13,6,-13,0,1*59
$PSTM3DGYRO,59567336,23,26,-39,0,1*43
$PSTM3DGYRO,59635510,-1,21,7,0,1*4F
$PSTM3DGYRO,59703660,-8,30,-3,0,1*6F
$PSTM3DGYRO,59771832,38,15,-25,0,1*4E
$PSTM3DGYRO,59840043,19,-11,-1,0,1*51
$PSTM3DGYRO,59908487,-18,-3,-19,0,1*76
$PSTMDRGPS,19.033659342,-98.314925692,0.00000,0.00000,99.000,99.000,99.000,0.000,0.000,0.00000*56
$GPRMC,215045.000,V,1902.0196,N,09818.8955,W,0.0,0.0,100816,,,E*6B
$GPGGA,215045.000,1902.0196,N,09818.8955,W,0,00,99.0,2172.07,M,-9.1,M,,*61
$GPVTG,0.0,T,,M,0.0,N,0.0,K,E*09
$GNGSA,A,1,,,,,,,,,,,,,99.0,99.0,99.0*1E
$GNGSA,A,1,,,,,,,,,,,,,99.0,99.0,99.0*1E
$GPGSV,3,1,11,02,35,034,,05,73,030,,06,04,063,,12,62,228,*72
$GPGSV,3,2,11,13,25,140,,19,14,112,,20,50,230,,21,05,272,*70
$GPGSV,3,3,11,24,06,201,,25,45,293,,29,25,328,,,,,*41
$GLGSV,3,1,10,76,20,252,,75,07,197,,65,11,198,,70,09,028,*6D
$GLGSV,3,2,10,86,38,020,,77,10,301,,87,13,325,,85,23,081,*6D
$GLGSV,3,3,10,71,56,051,,72,58,173,,,,,,,,,*68
$PSTM3DACC,59975327,64,-176,16096*0A
$PSTM3DACC,60043373,64,-176,16144*03
$PSTM3DACC,60111526,48,-160,16144*0A
$PSTM3DACC,60179840,48,-192,16176*05
$PSTM3DACC,60247956,16,-192,16144*07
$PSTM3DACC,60316247,80,-176,16192*07
$PSTM3DACC,60384420,64,-160,16144*0D
$PSTM3DACC,60452603,16,-160,16112*04
$PSTM3DACC,60520734,0,-160,16112*32
$PSTM3DACC,60588966,64,-144,16128*04
$PSTM3DACC,60657142,16,-160,16144*02
$PSTM3DACC,60725397,32,-192,16192*0C
$PSTM3DACC,60793541,96,-160,16192*0F
$PSTM3DACC,60861757,-32,-144,16128*2C
$PSTM3DACC,60930077,48,-192,16208*06
$PSTM3DGYRO,59976744,-30,-3,-33,0,1*71
$PSTM3DGYRO,60044716,22,4,-31,0,1*72
$PSTM3DGYRO,60112841,-9,6,2,0,1*76
$PSTM3DGYRO,60181197,6,-4,-11,0,1*6C
$PSTM3DGYRO,60249282,-4,-4,6,0,1*58
$PSTM3DGYRO,60317623,27,24,10,0,1*69
$PSTM3DGYRO,60385754,19,8,-22,0,1*7C
$PSTM3DGYRO,60453942,0,6,4,0,1*56
$PSTM3DGYRO,60522045,-16,9,-8,0,1*6B
$PSTM3DGYRO,60590287,-2,4,-22,0,1*6E
$PSTM3DGYRO,60658464,1,4,-5,0,1*79
$PSTM3DGYRO,60726735,17,15,-11,0,1*44
$PSTM3DGYRO,60794869,7,11,24,0,1*55
$PSTM3DGYRO,60863125,-3,-9,14,0,1*6D
$PSTM3DGYRO,60931466,20,-15,-28,0,1*6A
$PSTMDRGPS,19.033659342,-98.314925692,0.00000,0.00000,99.000,99.000,99.000,0.000,0.000,0.00000*56
$GPRMC,215046.000,V,1902.0196,N,09818.8955,W,0.0,0.0,100816,,,E*68
$GPGGA,215046.000,1902.0196,N,09818.8955,W,0,00,99.0,2172.07,M,-9.1,M,,*62
$GPVTG,0.0,T,,M,0.0,N,0.0,K,E*09
$GNGSA,A,1,,,,,,,,,,,,,99.0,99.0,99.0*1E
$GNGSA,A,1,,,,,,,,,,,,,99.0,99.0,99.0*1E
$GPGSV,3,1,11,02,35,034,,05,73,030,,06,04,063,,12,62,228,*72
$GPGSV,3,2,11,13,25,140,,19,14,113,,20,50,230,,21,05,272,*71
$GPGSV,3,3,11,24,06,201,,25,45,293,,29,25,328,,,,,*41
$GLGSV,3,1,10,76,20,252,,75,07,197,,65,11,198,,70,09,028,*6D
$GLGSV,3,2,10,86,38,020,,77,10,301,,87,13,325,,85,23,081,*6D
$GLGSV,3,3,10,71,56,051,,72,58,173,,,,,,,,,*68
$PSTM3DACC,60998413,0,-96,16112*03
$PSTM3DACC,61066490,48,-224,16176*04
$PSTM3DACC,61134605,-16,-256,16080*27
$PSTM3DACC,61202991,160,-208,16096*32
$PSTM3DACC,61271101,-112,-128,16080*19
$PSTM3DACC,61339231,64,-176,16064*08
$PSTM3DACC,61407398,16,-192,16160*0A
$PSTM3DACC,61475569,64,-160,16144*09
$PSTM3DACC,61543828,48,-176,16176*0D
$PSTM3DACC,61611965,32,-176,16080*04
$PSTM3DACC,61680168,64,-176,16128*09
$PSTM3DACC,61748378,0,-208,16144*3D
$PSTM3DACC,61816598,48,-144,16176*07
$PSTM3DACC,61884791,32,-176,16208*01
$PSTM3DACC,61953135,48,-208,16112*0D
$PSTM3DGYRO,60999873,-6,16,-14,0,1*58
$PSTM3DGYRO,61067848,7,34,-39,0,1*7A
$PSTM3DGYRO,61135995,14,33,3,0,1*5C
$PSTM3DGYRO,61204392,-10,0,19,0,1*72
$PSTM3DGYRO,61272485,2,10,11,0,1*55
$PSTM3DGYRO,61340592,11,17,-28,0,1*40
$PSTM3DGYRO,61408718,1,25,10,0,1*5D
$PSTM3DGYRO,61476881,3,11,-45,0,1*73
$PSTM3DGYRO,61545144,-27,-10,7,0,1*5E
$PSTM3DGYRO,61613300,-4,27,11,0,1*73
$PSTM3DGYRO,61681479,16,26,-23,0,1*42
$PSTM3DGYRO,61749704,-10,2,-4,0,1*66
$PSTM3DGYRO,61817914,14,0,-54,0,1*73
$PSTM3DGYRO,61886112,4,-2,-18,0,1*63
$PSTM3DGYRO,61954528,-8,31,-14,0,1*50
$PSTMDRGPS,19.033659342,-98.314925692,0.00000,0.00000,99.000,99.000,99.000,0.000,0.000,0.00000*56
$GPRMC,215047.000,V,1902.0196,N,09818.8955,W,0.0,0.0,100816,,,E*69
$GPGGA,215047.000,1902.0196,N,09818.8955,W,0,00,99.0,2172.07,M,-9.1,M,,*63
$GPVTG,0.0,T,,M,0.0,N,0.0,K,E*09
$GNGSA,A,1,,,,,,,,,,,,,99.0,99.0,99.0*1E
$GNGSA,A,1,,,,,,,,,,,,,99.0,99.0,99.0*1E
$GPGSV,3,1,11,02,35,034,,05,73,030,,06,04,063,,12,62,228,*72
$GPGSV,3,2,11,13,25,140,,19,14,113,,20,50,230,,21,05,272,*71
$GPGSV,3,3,11,24,06,201,,25,45,293,,29,25,328,,,,,*41
$GLGSV,3,1,10,76,20,252,,75,07,197,,65,11,198,,70,09,028,*6D
$GLGSV,3,2,10,86,38,020,,77,10,301,,87,13,325,,85,23,081,*6D
$GLGSV,3,3,10,71,56,051,,72,58,173,,,,,,,,,*68
$PSTM3DACC,62021455,48,-176,16128*02
$PSTM3DACC,62089497,0,-160,16128*35
$PSTM3DACC,62157627,112,-192,16112*38
$PSTM3DACC,62225806,-48,-176,16128*23
$PSTM3DACC,62294021,96,-176,16176*01
$PSTM3DACC,62362259,0,-176,16096*34
$PSTM3DACC,62430393,80,-224,16128*0B
$PSTM3DACC,62498592,0,-160,16144*3F
$PSTM3DACC,62566791,96,-208,16176*0D
$PSTM3DACC,62635037,32,-192,16144*0C
$PSTM3DACC,62703228,32,-176,16144*0E
$PSTM3DACC,62771417,48,-160,16128*01
$PSTM3DACC,62839673,64,-144,16096*0E
$PSTM3DACC,62907921,16,-208,16144*0A
$PSTM3DACC,62976177,32,-176,16128*01
$PSTM3DGYRO,62022870,4,23,-6,0,1*4A
$PSTM3DGYRO,62090862,5,-8,-8,0,1*5B
$PSTM3DGYRO,62158961,7,23,-25,0,1*75
$PSTM3DGYRO,62227122,11,4,-7,0,1*43
$PSTM3DGYRO,62295355,11,25,7,0,1*56
$PSTM3DGYRO,62363607,-10,-2,26,0,1*5B
$PSTM3DGYRO,62431705,24,17,-26,0,1*46
$PSTM3DGYRO,62499903,10,8,2,0,1*6E
$PSTM3DGYRO,62568102,0,19,9,0,1*62
$PSTM3DGYRO,62636379,-24,5,-13,0,1*54
$PSTM3DGYRO,62704540,33,-1,-20,0,1*5A
$PSTM3DGYRO,62772747,7,34,2,0,1*6F
$PSTM3DGYRO,62841020,8,11,-40,0,1*75
$PSTM3DGYRO,62909300,24,33,-4,0,1*77
$PSTM3DGYRO,62977611,-11,29,-30,0,1*6C
$PSTMDRGPS,19.033659342,-98.314925692,0.00000,0.00000,99.000,99.000,99.000,0.000,0.000,0.00000*56
$GPRMC,215048.000,V,1902.0196,N,09818.8955,W,0.0,0.0,100816,,,E*66
$GPGGA,215048.000,1902.0196,N,09818.8955,W,0,00,99.0,2172.07,M,-9.1,M,,*6C
$GPVTG,0.0,T,,M,0.0,N,0.0,K,E*09
$GNGSA,A,1,,,,,,,,,,,,,99.0,99.0,99.0*1E
$GNGSA,A,1,,,,,,,,,,,,,99.0,99.0,99.0*1E
$GPGSV,3,1,11,02,35,034,,05,73,030,,06,04,063,,12,62,228,*72
$GPGSV,3,2,11,13,25,140,,19,14,113,,20,50,230,,21,05,272,*71
$GPGSV,3,3,11,24,06,201,,25,45,293,,29,25,328,,,,,*41
$GLGSV,3,1,10,76,20,252,,75,07,197,,65,11,198,,70,09,028,*6D
$GLGSV,3,2,10,86,38,020,,77,10,301,,87,13,325,,85,23,081,*6D
$GLGSV,3,3,10,71,56,051,,72,58,173,,,,,,,,,*68
$PSTM3DACC,63044456,48,-176,16144*09
$PSTM3DACC,63112526,80,-160,16208*05
$PSTM3DACC,63180687,0,-192,16160*3E
$PSTM3DACC,63249016,32,-144,16128*00
$PSTM3DACC,63317135,32,-176,16144*01
$PSTM3DACC,63385267,32,-160,16128*03
$PSTM3DACC,63453552,0,-176,16160*34
$PSTM3DACC,63521655,0,-160,16112*36
$PSTM3DACC,63589822,16,-208,16144*03
$PSTM3DACC,63658091,64,-160,16128*0E
$PSTM3DACC,63726277,48,-208,16176*04
$PSTM3DACC,63794442,64,-160,16144*0F
$PSTM3DACC,63862640,64,-160,16160*0F
$PSTM3DACC,63930864,64,-176,16080*09
$PSTM3DACC,63999214,48,-176,16144*00
$PSTM3DGYRO,63045871,1,-24,20,0,1*7D
$PSTM3DGYRO,63113868,-1,24,-2,0,1*6A
$PSTM3DGYRO,63182044,11,28,6,0,1*5D
$PSTM3DGYRO,63250423,-6,11,-39,0,1*54
$PSTM3DGYRO,63318487,7,5,-62,0,1*40
$PSTM3DGYRO,63386600,-18,43,4,0,1*76
$PSTM3DGYRO,63454914,-17,29,11,0,1*43
$PSTM3DGYRO,63522976,-17,4,4,0,1*4C
$PSTM3DGYRO,63591134,22,14,-18,0,1*40
$PSTM3DGYRO,63659447,17,21,-30,0,1*4C
$PSTM3DGYRO,63727607,1,11,-4,0,1*41
$PSTM3DGYRO,63795771,14,6,-32,0,1*7F
$PSTM3DGYRO,63863957,44,-4,-16,0,1*5F
$PSTM3DGYRO,63932190,49,13,-24,0,1*4E
$PSTM3DGYRO,64000642,-15,-1,-3,0,1*46
$PSTMDRGPS,19.033659342,-98.314925692,0.00000,0.00000,99.000,99.000,99.000,0.000,0.000,0.00000*56
$GPRMC,215049.000,V,1902.0196,N,09818.8955,W,0.0,0.0,100816,,,E*67
$GPGGA,215049.000,1902.0196,N,09818.8955,W,0,00,99.0,2172.07,M,-9.1,M,,*6D
$GPVTG,0.0,T,,M,0.0,N,0.0,K,E*09
$GNGSA,A,1,,,,,,,,,,,,,99.0,99.0,99.0*1E
$GNGSA,A,1,,,,,,,,,,,,,99.0,99.0,99.0*1E
$GPGSV,3,1,11,02,35,034,,05,73,030,,06,04,063,,12,62,228,*72
$GPGSV,3,2,11,13,25,140,,19,14,113,,20,50,230,,21,05,272,*71
$GPGSV,3,3,11,24,06,201,,25,45,293,,29,25,328,,,,,*41
$GLGSV,3,1,10,76,20,252,,75,07,197,,65,11,198,,70,09,028,*6D
$GLGSV,3,2,10,86,38,020,,77,10,301,,87,13,325,,85,23,081,*6D
$GLGSV,3,3,10,71,56,051,,72,58,173,,,,,,,,,*68
$PSTM3DACC,64067444,64,-192,16144*08
$PSTM3DACC,64135485,32,-176,16144*0A
$PSTM3DACC,64203678,80,-176,16128*0F
$PSTM3DACC,64271947,32,-144,16144*0B
$PSTM3DACC,64340077,32,-176,16160*05
$PSTM3DACC,64408269,32,-176,16048*08
$PSTM3DACC,64476535,64,-160,16192*0D
$PSTM3DACC,64544687,64,-160,16080*05
$PSTM3DACC,64612858,48,-208,16160*05
$PSTM3DACC,64681073,32,-176,16080*06
$PSTM3DACC,64749258,32,-192,16080*02
$PSTM3DACC,64817558,96,-128,16224*02
$PSTM3DACC,64885702,16,-176,16144*02
$PSTM3DACC,64953921,16,-176,16144*07
$PSTM3DACC,65022227,64,-192,16128*01
$PSTM3DGYRO,64068888,-23,-1,-17,0,1*70
$PSTM3DGYRO,64136810,7,6,-23,0,1*4D
$PSTM3DGYRO,64205007,-6,16,-7,0,1*6B
$PSTM3DGYRO,64273299,6,19,8,0,1*6F
$PSTM3DGYRO,64341417,-4,17,-24,0,1*5D
$PSTM3DGYRO,64409613,-1,9,15,0,1*45
$PSTM3DGYRO,64477882,10,7,6,0,1*6B
$PSTM3DGYRO,64546013,-13,20,-38,0,1*63
$PSTM3DGYRO,64614169,4,30,9,0,1*6E
$PSTM3DGYRO,64682393,0,-7,-35,0,1*69
$PSTM3DGYRO,64750573,-14,-5,3,0,1*6D
$PSTM3DGYRO,64818941,-23,0,-26,0,1*55
$PSTM3DGYRO,64887040,11,-11,-18,0,1*67
$PSTM3DGYRO,64955268,23,25,-48,0,1*4F
$PSTM3DGYRO,65023643,6,-3,25,0,1*43
$PSTMDRGPS,19.033659342,-98.314925692,0.00000,0.00000,99.000,99.000,99.000,0.000,0.000,0.00000*56

